# Infrared (8-1000 μm) luminosity function @ z = 4.30
# Units: log LIR [Lsun] --- log phi [/dex/Mpc^3] ---
#
# Lensing model: "prob_lensing_SISSA_c4n4m30mup135_zlv3.0.dat" with μ_min=1.25 and μ_max=20.00
#
# log LIR --- Total ---  warm (starburst) ---  cold (spiral) ---  type-1 AGN ---  type-2 AGN ---  stellar spheroids ---  agn spheroids ---  global spheroids ---  lensed spheroids (global) --- 
#
# ----------------------------------------------------------------
    5.00000000    -46.29903013    -46.29903013    -81.71650886   -255.69897000   -255.69897000   -254.95860731   -254.95860731   -254.95860731   -254.95860731
    5.10000000    -47.96344319    -47.96344319    -84.32844765   -255.69897000   -255.69897000   -254.95860731   -254.95860731   -254.95860731   -254.95860731
    5.20000000    -49.66823683    -49.66823683    -86.98864345   -255.69897000   -255.69897000   -254.95860731   -254.95860731   -254.95860731   -254.95860731
    5.30000000    -51.41340871    -51.41340871    -89.69709587   -255.69897000   -255.69897000   -254.95860731   -254.95860731   -254.95860731   -254.95860731
    5.40000000    -53.19895696    -53.19895696    -92.45380459   -255.69897000   -255.69897000   -254.95860731   -254.95860731   -254.95860731   -254.95860731
    5.50000000    -55.02488001    -55.02488001    -95.25876936   -255.69897000   -255.69897000   -254.95860731   -254.95860731   -254.95860731   -254.95860731
    5.60000000    -56.89117660    -56.89117660    -98.11198997   -255.69897000   -255.69897000   -254.95860731   -254.95860731   -254.95860731   -254.95860731
    5.70000000    -58.79784569    -58.79784569   -101.01346624   -255.69897000   -255.69897000   -254.95860731   -254.95860731   -254.95860731   -254.95860731
    5.80000000    -60.74488643    -60.74488643   -103.96319804   -255.69897000   -255.69897000   -254.95860731   -254.95860731   -254.95860731   -254.95860731
    5.90000000    -62.73229812    -62.73229812   -106.96118526   -255.69897000   -255.69897000   -254.95860731   -254.95860731   -254.95860731   -254.95860731
    6.00000000    -64.76008021    -64.76008021   -110.00742780   -255.69897000   -255.69897000   -254.95860731   -254.95860731   -254.95860731   -254.95860731
    6.10000000    -66.82823224    -66.82823224   -113.10192559   -255.69897000   -255.69897000   -254.95860731   -254.95860731   -254.95860731   -254.95860731
    6.20000000    -68.93675383    -68.93675383   -116.24467858   -255.69897000   -255.69897000   -254.95860731   -254.95860731   -254.95860731   -254.95860731
    6.30000000    -71.08564467    -71.08564467   -119.43568671   -255.69897000   -255.69897000   -254.95860731   -254.95860731   -254.95860731   -254.95860731
    6.40000000    -73.27490451    -73.27490451   -122.67494994   -255.69897000   -255.69897000   -254.95860731   -254.95860731   -254.95860731   -254.95860731
    6.50000000    -75.50453317    -75.50453317   -125.96246825   -255.69897000   -255.69897000   -254.95860731   -254.95860731   -254.95860731   -254.95860731
    6.60000000    -77.77453047    -77.77453047   -129.29824160   -255.69897000   -255.69897000   -254.95860731   -254.95860731   -254.95860731   -254.95860731
    6.70000000    -80.08489627    -80.08489627   -132.68226998   -255.69897000   -255.69897000   -254.95860731   -254.95860731   -254.95860731   -254.95860731
    6.80000000    -82.43563048    -82.43563048   -136.11455337   -255.69897000   -255.69897000   -254.95860731   -254.95860731   -254.95860731   -254.95860731
    6.90000000    -84.82673300    -84.82673300   -139.59509175   -255.69897000   -255.69897000   -254.95860731   -254.95860731   -254.95860731   -254.95860731
    7.00000000    -87.25820377    -87.25820377   -143.12388512   -255.69897000   -255.69897000   -255.69897000   -255.69897000   -255.69897000   -255.69897000
    7.10000000    -89.73004272    -89.73004272   -146.70093346   -255.69897000   -255.69897000   -255.69897000   -192.93335142   -193.46081000   -255.69897000
    7.20000000     -5.84534035    -92.24224981   -150.32623677   -255.69897000   -255.69897000   -255.69897000     -3.72391244     -5.84534035   -158.80794051
    7.30000000     -5.85735275    -94.79482500   -153.99979504   -255.69897000   -255.69897000   -255.69897000     -3.70223734     -5.85735275    -20.80872574
    7.40000000     -5.85972044    -97.38776826   -157.72160828   -255.69897000   -255.69897000   -255.69897000     -3.68476491     -5.88673726     -7.07930893
    7.50000000     -5.89000713   -100.02107957   -161.49167646   -255.69897000   -255.69897000   -255.69897000     -3.66885560     -5.92039594     -7.06018351
    7.60000000     -5.92598886   -102.69475890   -165.30999960   -255.69897000   -255.69897000   -255.69897000     -3.65473961     -5.95789381     -7.07576985
    7.70000000     -5.95609937   -105.40880624   -169.17657769   -255.69897000   -255.69897000   -255.69897000     -3.64223867     -5.98813309     -7.10419463
    7.80000000     -5.97658044   -108.16322158   -173.09141072   -255.69897000   -255.69897000   -255.69897000     -3.63130267     -6.00780274     -7.13541739
    7.90000000     -5.97810623   -110.95800490   -177.05449870   -255.69897000   -255.69897000   -255.69897000     -3.62505152     -6.00779071     -7.15811877
    8.00000000     -5.95181931   -113.79315620   -181.06584162   -255.69897000   -255.69897000   -255.69897000     -3.62279901     -5.97910264     -7.16727657
    8.10000000     -5.92472953   -116.66867547   -185.12543949   -255.69897000   -255.69897000   -255.69897000     -3.62828368     -5.95109277     -7.15463004
    8.20000000     -5.89753029   -119.58456270   -189.23329230   -255.69897000   -255.69897000   -255.69897000     -3.63821389     -5.92370199     -7.13050269
    8.30000000     -5.89222567   -122.54081789   -193.38940005   -255.69897000   -255.69897000     -7.09367833     -3.65935594     -5.91966513     -7.10528197
    8.40000000     -5.90287868   -125.53744104   -197.59376274   -255.69897000   -255.69897000     -7.64315362     -3.68336246     -5.93202384     -7.09058755
    8.50000000     -5.87271469   -128.57443215   -201.84638037   -255.69897000   -255.69897000     -7.40304180     -3.70972460     -5.89973016     -7.09232409
    8.60000000     -5.81536198   -131.65179120   -206.14725294   -255.69897000   -255.69897000     -6.75540736     -3.73555805     -5.83946035     -7.08315209
    8.70000000     -5.61724862   -134.76951820   -210.49638045   -255.69897000   -255.69897000     -6.06719881     -3.74874630     -5.63450414     -7.02670428
    8.80000000     -5.39841894   -137.92761315   -214.89376289   -255.69897000   -255.69897000     -5.60275624     -3.75474722     -5.41261610     -6.89108091
    8.90000000     -5.36170966   -141.12607605   -219.33940028   -255.69897000   -255.69897000     -5.42316539     -3.74699812     -5.38264471     -6.68904564
    9.00000000     -5.41380839   -144.36490689   -223.83329261   -255.69897000   -255.69897000     -5.55064081     -3.73375433     -5.44527220     -6.56941833
    9.10000000     -5.43032118   -147.64410568   -228.37543988   -255.69897000   -255.69897000     -5.68858770     -3.71436186     -5.46155221     -6.58904102
    9.20000000     -5.41283556   -150.96367241   -232.96584209   -255.69897000   -255.69897000     -5.55253099     -3.69907069     -5.44102312     -6.61457987
    9.30000000     -5.30113599   -154.32360709   -237.60449923   -255.69897000   -255.69897000     -5.38883270     -3.68874189     -5.32274825     -6.61498136
    9.40000000     -5.15598478   -157.72390970   -238.30261590   -255.69897000   -255.69897000     -5.21372947     -3.69017725     -5.17386806     -6.55023267
    9.50000000     -5.03508355   -161.16458026   -238.33981590   -255.69897000   -255.69897000     -5.08165977     -3.70067020     -5.05337651     -6.41969810
    9.60000000     -4.89849398   -164.64561876   -238.37701590   -255.69897000   -255.69897000     -4.94332166     -3.72238488     -4.91645319     -6.29093967
    9.70000000     -4.72838294   -168.16702521   -238.41421590   -255.69897000   -255.69897000     -4.77082817     -3.75158701     -4.74473473     -6.16075223
    9.80000000     -4.55137290   -171.72879959   -238.45141590   -255.69897000   -255.69897000     -4.58772766     -3.79160864     -4.56693651     -6.00480532
    9.90000000     -4.37565448   -175.33094192   -238.48861589   -255.69897000   -255.69897000     -4.40533321     -3.83495351     -4.39116022     -5.83067609
   10.00000000     -4.22513390   -178.97345219   -238.52581589   -255.69897000   -255.69897000     -4.24843892     -3.88178127     -4.24158023     -5.65504638
   10.10000000     -4.11590242   -182.65633040   -238.56301589   -255.69897000   -255.69897000     -4.12938583     -3.92830569     -4.13450743     -5.49332622
   10.20000000     -4.03235094   -186.37957655   -238.60021589   -255.69897000   -255.69897000     -4.06864427     -3.97217859     -4.05287673     -5.36805788
   10.30000000     -3.97856545   -190.14319064   -238.63741588   -255.69897000   -255.69897000     -4.00402871     -4.01383934     -4.00113839     -5.27399924
   10.40000000     -3.90273588   -193.94717268   -238.67461588   -255.69897000   -255.69897000     -3.92183993     -4.05061623     -3.92490748     -5.20576167
   10.50000000     -3.80052010   -197.79152266   -238.71181588   -255.69897000   -255.69897000     -3.81987371     -4.08724703     -3.82098806     -5.13742380
   10.60000000     -3.68876853   -201.67624057   -238.74901588   -255.69897000   -255.69897000     -3.70778300     -4.12371105     -3.70829482     -5.04565963
   10.70000000     -3.57223096   -205.60132643   -238.78621588   -255.69897000   -255.69897000     -3.59163580     -4.16467688     -3.59131695     -4.93880860
   10.80000000     -3.46699228   -209.56678023   -238.82341587   -255.69897000   -255.69897000     -3.48200682     -4.21019485     -3.48646786     -4.82498771
   10.90000000     -3.37017438   -213.57260197   -238.86061587   -255.69897000   -255.69897000     -3.38136001     -4.26479902     -3.39024876     -4.71531508
   11.00000000     -3.30652700   -217.61879165   -238.89781587   -255.69897000   -255.69897000     -3.31094594     -4.32509502     -3.32841993     -4.61490785
   11.10000000     -3.25567319   -221.70534928   -238.93501587   -255.69897000   -255.69897000     -3.25898745     -4.39967383     -3.27903949     -4.53649833
   11.20000000     -3.21769133   -224.87713169   -238.97221587   -255.69897000   -255.69897000     -3.25181915     -4.48135130     -3.24213402     -4.47949066
   11.30000000     -3.18604492   -224.77813169   -239.00941586   -255.69897000   -255.69897000     -3.21665597     -4.57481004     -3.21128399     -4.43431421
   11.40000000     -3.16105042   -224.67913169   -239.04661586   -255.69897000   -255.69897000     -3.15969827     -4.67381912     -3.18694499     -4.39850897
   11.50000000     -3.15302160   -224.58013169   -239.08381586   -255.69897000   -255.69897000     -3.19795194     -4.79184114     -3.18021935     -4.36980088
   11.60000000     -3.21413962   -224.48113169   -239.12101586   -255.69897000   -255.69897000     -3.26181999     -4.91519281     -3.24673778     -4.35492799
   11.70000000     -3.29474515   -224.38213169   -239.15821586   -255.69897000   -255.69897000     -3.34921144     -5.04986351     -3.33180432     -4.38203159
   11.80000000     -3.39166288   -224.28313169   -239.19541585   -255.69897000   -255.69897000     -3.44952057     -5.19188817     -3.43186731     -4.44512040
   11.90000000     -3.49680549   -224.18413169   -239.23261585   -255.69897000   -255.69897000     -3.55964914     -5.34633253     -3.53905128     -4.52975803
   12.00000000     -3.61819685   -224.08513169   -239.26981585   -255.69897000   -255.69897000     -3.68186872     -5.50747686     -3.66303697     -4.62654158
   12.10000000     -3.74852472   -223.98613169   -239.30701585   -255.69897000   -255.69897000     -3.81523844     -5.67809991     -3.79577298     -4.73533321
   12.20000000     -3.89159166   -223.88713169   -239.34421584   -255.69897000   -255.69897000     -3.96100521     -5.85752281     -3.94171701     -4.85414022
   12.30000000     -4.04683749   -223.78813169   -239.38141584   -255.69897000   -255.69897000     -4.12235042     -6.04522125     -4.09994036     -4.98578472
   12.40000000     -4.21835840   -223.68913169   -239.41861584   -255.69897000   -255.69897000     -4.29846144     -6.24175379     -4.27543867     -5.12788423
   12.50000000     -4.40569760   -223.59013169   -239.45581584   -255.69897000   -255.69897000     -4.49167741     -6.44477313     -4.46759487     -5.28239155
   12.60000000     -4.60786027   -223.49113169   -239.49301584   -255.69897000   -255.69897000     -4.70038201     -6.66120773     -4.67544516     -5.44914926
   12.70000000     -4.83269779   -223.39213169   -239.53021583   -255.69897000   -255.69897000     -4.93734408     -6.88328098     -4.90753000     -5.63327251
   12.80000000     -5.07562111   -223.29313169   -239.56741583   -255.69897000   -255.69897000     -5.19506864     -7.11680675     -5.15948651     -5.83108072
   12.90000000     -5.34572158   -223.19413169   -239.60461583   -255.69897000   -255.69897000     -5.47710105     -7.35705707     -5.44286894     -6.04374349
   13.00000000     -5.63270687   -223.09513169   -239.64181583   -255.69897000   -255.69897000     -5.79769999     -7.60848504     -5.74626289     -6.27082258
   13.10000000     -5.95679587   -222.99613169   -239.67901583   -255.69897000   -255.69897000     -6.14400379     -7.86534635     -6.09672224     -6.51676697
   13.20000000     -6.29778625   -222.89713169   -239.71621582   -255.69897000   -255.69897000     -6.53916555     -8.13503762     -6.47410370     -6.77445547
   13.30000000     -6.66558103   -222.79813169   -239.75341582   -255.69897000   -255.69897000     -6.99007895     -8.41087915     -6.90222931     -7.04222644
   13.40000000     -7.03451272   -222.69913169   -239.79061582   -255.69897000   -255.69897000     -7.47869791     -8.69502815     -7.35535897     -7.31659133
   13.50000000     -7.42403859   -222.60013169   -239.82781582   -255.69897000   -255.69897000     -8.13871300     -8.98791066     -7.91272696     -7.59445980
   13.60000000     -7.77676863   -222.50113169   -239.86501582   -255.69897000   -255.69897000     -8.93849449     -9.28992131     -8.47962574     -7.87271228
   13.70000000     -8.09787815   -222.40213169   -239.90221581   -255.69897000   -255.69897000     -9.96622249     -9.60454707     -9.03808916     -8.15081692
   13.80000000     -8.40115087   -222.30313169   -239.93941581   -255.69897000   -255.69897000    -11.36236027     -9.92788110     -9.58370609     -8.43065604
   13.90000000     -8.69684496   -222.20413169   -239.97661581   -255.69897000   -255.69897000    -13.06974534    -10.27169626     -9.99349792     -8.71935296
   14.00000000     -9.00457799   -222.10513169   -240.01381581   -255.69897000   -255.69897000    -15.22013613    -10.62803808    -10.40440215     -9.02222843
   14.10000000     -9.32953451   -222.00613169   -240.05101581   -255.69897000   -255.69897000    -17.74805819    -11.00599312    -10.81771421     -9.34388142
   14.20000000     -9.67801706   -221.90713169   -240.08821580   -255.69897000   -255.69897000    -20.66346478    -11.39395447    -11.23950023     -9.69010440
   14.30000000    -10.05640424   -221.80813169   -240.12541580   -255.69897000   -255.69897000    -24.07476994    -11.82315014    -11.68644781    -10.06670528
   14.40000000    -10.46596953   -221.70913169   -240.16261580   -255.69897000   -255.69897000    -27.88249160    -12.26534298    -12.14872552    -10.47508074
   14.50000000    -10.90885165   -221.61013169   -240.19981580   -255.69897000   -255.69897000    -32.11896258    -12.73588856    -12.63629933    -10.91706341
   14.60000000    -11.39030554   -221.51113169   -240.23701579   -255.69897000   -255.69897000    -36.72652130    -13.22530024    -13.14532224    -11.39800771
   14.70000000    -11.91331079   -221.41213169   -240.27421579   -255.69897000   -255.69897000    -41.87979837    -13.75392269    -13.68389274    -11.92073947
   14.80000000    -12.46161621   -221.31313169   -240.31141579   -255.69897000   -255.69897000    -47.40546815    -14.30313109    -14.24617692    -12.46880763
   14.90000000    -12.99595370   -221.21413169   -240.34861579   -255.69897000   -255.69897000    -53.32901838    -14.88479351    -14.83612169    -13.00227451
   15.00000000    -13.49867182   -221.11513169   -240.38581579   -255.69897000   -255.69897000    -59.76539182    -15.49523923    -15.46824466    -13.50335511
