# Infrared (8-1000 μm) luminosity function @ z = 0.65
# Units: log LIR [Lsun] --- log phi [/dex/Mpc^3] ---
#
# Lensing model: "prob_lensing_SISSA_c4n4m30mup135_zlv3.0.dat" with μ_min=1.25 and μ_max=20.00
#
# log LIR --- Total ---  warm (starburst) ---  cold (spiral) ---  type-1 AGN ---  type-2 AGN ---  stellar spheroids ---  agn spheroids ---  global spheroids ---  lensed spheroids (global) --- 
#
# ----------------------------------------------------------------
    5.00000000      0.00921242     -8.25742658     -0.05323616     -4.43142946     -0.86401708   -255.69897000   -255.69897000   -255.69897000   -255.69897000
    5.10000000     -0.02967872     -8.15842658     -0.09043616     -4.44142946     -0.91401708   -255.69897000   -255.69897000   -255.69897000   -255.69897000
    5.20000000     -0.06852697     -8.05942658     -0.12763616     -4.45142946     -0.96401708   -255.69897000   -255.69897000   -255.69897000   -255.69897000
    5.30000000     -0.10733325     -7.96042658     -0.16483616     -4.46142946     -1.01401708   -255.69897000   -255.69897000   -255.69897000   -255.69897000
    5.40000000     -0.14609848     -7.86142658     -0.20203616     -4.47142946     -1.06401708   -255.69897000   -255.69897000   -255.69897000   -255.69897000
    5.50000000     -0.18482355     -7.76242658     -0.23923615     -4.48142947     -1.11401708   -255.69897000   -255.69897000   -255.69897000   -255.69897000
    5.60000000     -0.22350934     -7.66342658     -0.27643615     -4.49142947     -1.16401708   -255.69897000   -255.69897000   -255.69897000   -255.69897000
    5.70000000     -0.26215673     -7.56442658     -0.31363615     -4.50142947     -1.21401708   -255.69897000   -255.69897000   -255.69897000   -255.69897000
    5.80000000     -0.30076656     -7.46542658     -0.35083615     -4.51142947     -1.26401708   -255.69897000   -255.69897000   -255.69897000   -255.69897000
    5.90000000     -0.33933969     -7.36642658     -0.38803615     -4.52142948     -1.31401708   -255.69897000   -255.69897000   -255.69897000   -255.69897000
    6.00000000     -0.37787694     -7.26742658     -0.42523615     -4.53142948     -1.36401708   -255.69897000   -255.69897000   -255.69897000   -255.69897000
    6.10000000     -0.41637912     -7.16842658     -0.46243615     -4.54142948     -1.41401708   -255.69897000   -255.69897000   -255.69897000   -255.69897000
    6.20000000     -0.45484704     -7.06942658     -0.49963615     -4.55142948     -1.46401708   -255.69897000   -255.69897000   -255.69897000   -255.69897000
    6.30000000     -0.49328148     -6.97042658     -0.53683615     -4.56142949     -1.51401708   -255.69897000   -255.69897000   -255.69897000   -255.69897000
    6.40000000     -0.53168320     -6.87142658     -0.57403616     -4.57142949     -1.56401708   -255.69897000   -255.69897000   -255.69897000   -255.69897000
    6.50000000     -0.57005298     -6.77242658     -0.61123617     -4.58142949     -1.61401708   -255.69897000   -255.69897000   -255.69897000   -255.69897000
    6.60000000     -0.60839154     -6.67342658     -0.64843619     -4.59142950     -1.66401708   -255.69897000   -255.69897000   -255.69897000   -255.69897000
    6.70000000     -0.64669961     -6.57442658     -0.68563622     -4.60142950     -1.71401708   -255.69897000   -255.69897000   -255.69897000   -255.69897000
    6.80000000     -0.68497790     -6.47542658     -0.72283628     -4.61142950     -1.76401708   -255.69897000   -255.69897000   -255.69897000   -255.69897000
    6.90000000     -0.72322711     -6.37642658     -0.76003636     -4.62142951     -1.81401708   -255.69897000   -255.69897000   -255.69897000   -255.69897000
    7.00000000     -0.76144790     -6.27742659     -0.79723650     -4.63142952     -1.86401708   -255.69897000   -255.69897000   -255.69897000   -255.69897000
    7.10000000     -0.79964096     -6.17842659     -0.83443671     -4.64142953     -1.91401708   -255.69897000   -255.69897000   -255.69897000   -255.69897000
    7.20000000     -0.83780692     -6.07942660     -0.87163706     -4.65142955     -1.96401708   -255.69897000   -255.69897000   -255.69897000   -255.69897000
    7.30000000     -0.87594644     -5.98042662     -0.90883760     -4.66142958     -2.01401708   -255.69897000   -255.69897000   -255.69897000   -255.69897000
    7.40000000     -0.91406016     -5.88142664     -0.94603847     -4.67142962     -2.06401709   -255.69897000   -255.69897000   -255.69897000   -255.69897000
    7.50000000     -0.95214875     -5.78242668     -0.98323984     -4.68142968     -2.11401710   -255.69897000   -255.69897000   -255.69897000   -255.69897000
    7.60000000     -0.99021291     -5.68342673     -1.02044202     -4.69142978     -2.16401711   -255.69897000   -255.69897000   -255.69897000   -255.69897000
    7.70000000     -1.02825343     -5.58442683     -1.05764547     -4.70142994     -2.21401714   -255.69897000   -255.69897000   -255.69897000   -255.69897000
    7.80000000     -1.06627126     -5.48542697     -1.09485092     -4.71143019     -2.26401717   -255.69897000   -255.69897000   -255.69897000   -255.69897000
    7.90000000     -1.10426760     -5.38642721     -1.13205955     -4.72143058     -2.31401723   -255.69897000   -255.69897000   -255.69897000   -255.69897000
    8.00000000     -1.14224414     -5.28742757     -1.16927319     -4.73143120     -2.36401732   -255.69897000   -255.69897000   -255.69897000   -255.69897000
    8.10000000     -1.18020331     -5.18842816     -1.20649474     -4.74143218     -2.41401747   -255.69897000   -255.69897000   -255.69897000   -255.69897000
    8.20000000     -1.21814881     -5.08942908     -1.24372877     -4.75143373     -2.46401770   -255.69897000   -255.69897000   -255.69897000   -255.69897000
    8.30000000     -1.25608638     -4.99043054     -1.28098244     -4.76143618     -2.51401806   -255.69897000   -255.69897000   -255.69897000   -255.69897000
    8.40000000     -1.29402505     -4.89143286     -1.31826696     -4.77144005     -2.56401863   -255.69897000   -255.69897000   -255.69897000   -255.69897000
    8.50000000     -1.33197905     -4.79243652     -1.35559989     -4.78144616     -2.61401954   -255.69897000   -255.69897000   -255.69897000   -255.69897000
    8.60000000     -1.36997085     -4.69344232     -1.39300852     -4.79145579     -2.66402097   -255.69897000   -255.69897000   -255.69897000   -255.69897000
    8.70000000     -1.40803577     -4.59445148     -1.43053516     -4.80147098     -2.71402325   -255.69897000   -255.69897000   -255.69897000   -255.69897000
    8.80000000     -1.44622895     -4.49546597     -1.46824503     -4.81149488     -2.76402684   -255.69897000   -255.69897000   -255.69897000   -255.69897000
    8.90000000     -1.48463580     -4.39648885     -1.50623793     -4.82153244     -2.81403251   -255.69897000   -255.69897000   -255.69897000   -255.69897000
    9.00000000     -1.52338714     -4.29752495     -1.54466532     -4.83159131     -2.86404148   -255.69897000   -255.69897000   -255.69897000   -255.69897000
    9.10000000     -1.56268085     -4.19858185     -1.58375468     -4.84168337     -2.91405561   -255.69897000   -255.69897000   -255.69897000   -255.69897000
    9.20000000     -1.60281160     -4.09967139     -1.62384328     -4.85182683     -2.96407787   -255.69897000   -255.69897000   -255.69897000   -255.69897000
    9.30000000     -1.64420994     -4.00081207     -1.66542361     -4.86204947     -3.01411290   -255.69897000   -255.69897000   -255.69897000   -255.69897000
    9.40000000     -1.68749073     -3.90203260     -1.70920163     -4.87239327     -3.06416788   -255.69897000   -255.69897000   -255.69897000   -255.69897000
    9.50000000     -1.73350763     -3.80337736     -1.75616738     -4.88292088     -3.11425399   -255.69897000   -255.69897000   -255.69897000   -255.69897000
    9.60000000     -1.78340498     -3.70491451     -1.80767421     -4.89372462     -3.16438846   -255.69897000   -255.69897000   -255.69897000   -255.69897000
    9.70000000     -1.83864926     -3.60674793     -1.86551819     -4.90493814     -3.21459768   -255.69897000   -255.69897000   -255.69897000   -255.69897000
    9.80000000     -1.90100831     -3.50903447     -1.93200420     -4.91675122     -3.26492176   -255.69897000   -255.69897000   -255.69897000   -255.69897000
    9.90000000     -1.97242568     -3.41200817     -2.00998127     -4.92942691     -3.31542101   -255.69897000   -255.69897000   -255.69897000   -255.69897000
   10.00000000     -2.05470499     -3.31601343     -2.10282974     -4.94332012     -3.36618501   -255.69897000   -255.69897000   -255.69897000   -255.69897000
   10.10000000     -2.14887058     -3.22154852     -2.21438804     -4.95889472     -3.41734486   -255.69897000   -255.69897000   -255.69897000   -255.69897000
   10.20000000     -2.25402150     -3.12931991     -2.34881859     -4.97673598     -3.46908893   -255.69897000   -255.69897000   -255.69897000   -255.69897000
   10.30000000     -2.36557153     -3.04030568     -2.51042646     -4.99755398     -3.52168219   -255.69897000   -255.69897000   -255.69897000   -255.69897000
   10.40000000     -2.47342878     -2.95582306     -2.70345670     -5.02217441     -3.57548811   -255.69897000   -255.69897000   -255.69897000   -255.69897000
   10.50000000     -2.56254672     -2.87759071     -2.93190145     -5.05151513     -3.63099096   -255.69897000   -255.69897000   -255.69897000   -255.69897000
   10.60000000     -2.61949638     -2.80777253     -3.19934428     -5.08654992     -3.68881498   -255.69897000   -255.69897000   -255.69897000   -255.69897000
   10.70000000     -2.64251297     -2.74898788     -3.50885880     -5.12826373     -3.74973563   -255.69897000   -255.69897000   -255.69897000   -255.69897000
   10.80000000     -2.64346133     -2.70427525     -3.86296532     -5.17760653     -3.81467792   -255.69897000   -255.69897000   -255.69897000   -255.69897000
   10.90000000     -2.63931616     -2.67700383     -4.26363873     -5.23545241     -3.88469817   -255.69897000   -255.69897000   -255.69897000   -255.69897000
   11.00000000     -2.64433526     -2.67073857     -4.71235406     -5.30256945     -3.96094872   -255.69897000   -255.69897000   -255.69897000   -255.69897000
   11.10000000     -2.66823729     -2.68907596     -5.21015448     -5.37960274     -4.04462854   -255.69897000   -255.69897000   -255.69897000   -255.69897000
   11.20000000     -2.71740654     -2.73547561     -5.75772846     -5.46707027     -4.13692710   -255.69897000   -255.69897000   -255.69897000   -255.69897000
   11.30000000     -2.79626078     -2.81311265     -6.35548587     -5.56536917     -4.23896964   -255.69897000   -255.69897000   -255.69897000   -255.69897000
   11.40000000     -2.90804071     -2.92477014     -7.00362706     -5.67478891     -4.35177216   -255.69897000   -255.69897000   -255.69897000   -255.69897000
   11.50000000     -3.05515616     -3.07277971     -7.70220147     -5.79552828     -4.47621108   -255.69897000   -255.69897000   -255.69897000   -255.69897000
   11.60000000     -3.23930719     -3.25900890     -8.45115515     -5.92771306     -4.61300914   -255.69897000   -255.69897000   -255.69897000   -255.69897000
   11.70000000     -3.46149581     -3.48488571     -9.25036773     -6.07141293     -4.76273597   -255.69897000   -255.69897000   -255.69897000   -255.69897000
   11.80000000     -3.72195075     -3.75144802    -10.09968006     -6.22665613     -4.92581973   -255.69897000   -255.69897000   -255.69897000   -255.69897000
   11.90000000     -4.01992254     -4.05940573    -10.99891428     -6.39344176     -5.10256551   -255.69897000   -255.69897000   -255.69897000   -255.69897000
   12.00000000     -4.35325285     -4.40920568    -11.94788772     -6.57174947     -5.29317667   -255.69897000   -255.69897000   -255.69897000   -255.69897000
   12.10000000     -4.71758689     -4.80109276    -12.94642221     -6.76154689     -5.49777626   -255.69897000   -255.69897000   -255.69897000   -255.69897000
   12.20000000     -5.10518608     -5.23516324    -13.99434989     -6.96279511     -5.71642661   -255.69897000   -255.69897000   -255.69897000   -255.69897000
   12.30000000     -5.50382890     -5.71140904    -15.09151649     -7.17545259     -5.94914603   -255.69897000   -255.69897000   -255.69897000   -255.69897000
   12.40000000     -5.89758454     -6.22975274    -16.23778288     -7.39947776     -6.19592249   -255.69897000   -255.69897000   -255.69897000   -255.69897000
   12.50000000     -6.27189120     -6.79007429    -17.43302539     -7.63483082     -6.45672428   -255.69897000   -255.69897000   -255.69897000   -255.69897000
   12.60000000     -6.62118353     -7.39223065    -18.67713538     -7.88147471     -6.73150802   -255.69897000   -255.69897000   -255.69897000   -255.69897000
   12.70000000     -6.95114004     -8.03606975    -19.97001831     -8.13937572     -7.02022452   -255.69897000   -255.69897000   -255.69897000   -255.69897000
   12.80000000     -7.27281713     -8.72143999    -21.31159257     -8.40850364     -7.32282281   -255.69897000   -255.69897000   -255.69897000   -255.69897000
   12.90000000     -7.59599386     -9.44819635    -22.70178814     -8.68883178     -7.63925294   -255.69897000   -255.69897000   -255.69897000   -255.69897000
   13.00000000     -7.92681568    -10.21620408    -24.14054535     -8.98033681     -7.96946764   -255.69897000   -255.69897000   -255.69897000   -255.69897000
   13.10000000     -8.26841426    -11.02534065    -25.62781352     -9.28299849     -8.31342336   -255.69897000   -255.69897000   -255.69897000   -255.69897000
   13.20000000     -8.62214268    -11.87549642    -27.16354986     -9.59679943     -8.67108076   -255.69897000   -255.69897000   -255.69897000   -255.69897000
   13.30000000     -8.98847359    -12.76657455    -28.74771832     -9.92172472     -9.04240479   -255.69897000   -255.69897000   -255.69897000   -255.69897000
   13.40000000     -9.36748734    -13.69849044    -30.38028866    -10.25776171     -9.42736462   -255.69897000   -255.69897000   -255.69897000   -255.69897000
   13.50000000     -9.75909764    -14.67117074    -32.06123559    -10.60489967     -9.82593341   -255.69897000   -255.69897000   -255.69897000   -255.69897000
   13.60000000    -10.16314341    -15.68455239    -33.79053799    -10.96312954    -10.23808794   -255.69897000   -255.69897000   -255.69897000   -255.69897000
   13.70000000    -10.57942156    -16.73858145    -35.56817828    -11.33244372    -10.66380830   -255.69897000   -255.69897000   -255.69897000   -255.69897000
   13.80000000    -11.00769621    -17.83321206    -37.39414187    -11.71283584    -11.10307749   -255.69897000   -255.69897000   -255.69897000   -255.69897000
   13.90000000    -11.44769983    -18.96840537    -39.26841665    -12.10430057    -11.55588109   -255.69897000   -255.69897000   -255.69897000   -255.69897000
   14.00000000    -11.89913236    -20.14412864    -41.19099260    -12.50683348    -12.02220689   -255.69897000   -255.69897000   -255.69897000   -255.69897000
   14.10000000    -12.36166080    -21.36035433    -43.16186145    -12.92043086    -12.50204461   -255.69897000   -255.69897000   -255.69897000   -255.69897000
   14.20000000    -12.83492067    -22.61705939    -45.18101637    -13.34508967    -12.99538563   -255.69897000   -255.69897000   -255.69897000   -255.69897000
   14.30000000    -13.31852005    -23.91422455    -47.24845173    -13.78080735    -13.50222272   -255.69897000   -255.69897000   -255.69897000   -255.69897000
   14.40000000    -13.81204703    -25.25183376    -49.36416290    -14.22758182    -14.02254987   -255.69897000   -255.69897000   -255.69897000   -255.69897000
   14.50000000    -14.31508090    -26.62987365    -51.52814609    -14.68541133    -14.55636205   -255.69897000   -255.69897000   -255.69897000   -255.69897000
   14.60000000    -14.82720712    -28.04833316    -53.74039817    -15.15429447    -15.10365509   -255.69897000   -255.69897000   -255.69897000   -255.69897000
   14.70000000    -15.34803542    -29.50720310    -56.00091658    -15.63423005    -15.66442553   -255.69897000   -255.69897000   -255.69897000   -255.69897000
   14.80000000    -15.87721954    -31.00647589    -58.30969921    -16.12521711    -16.23867051   -255.69897000   -255.69897000   -255.69897000   -255.69897000
   14.90000000    -16.41447656    -32.54614526    -60.66674437    -16.62725485    -16.82638768   -255.69897000   -255.69897000   -255.69897000   -255.69897000
   15.00000000    -16.95960330    -34.12620605    -63.07205064    -17.14034262    -17.42757506   -255.69897000   -255.69897000   -255.69897000   -255.69897000
