# Infrared (8-1000 μm) luminosity function @ z = 3.10
# Units: log LIR [Lsun] --- log phi [/dex/Mpc^3] ---
#
# Lensing model: "prob_lensing_SISSA_c4n4m30mup135_zlv3.0.dat" with μ_min=1.25 and μ_max=20.00
#
# log LIR --- Total ---  warm (starburst) ---  cold (spiral) ---  type-1 AGN ---  type-2 AGN ---  stellar spheroids ---  agn spheroids ---  global spheroids ---  lensed spheroids (global) --- 
#
# ----------------------------------------------------------------
    5.00000000     -4.18045861     -8.58254825     -4.18047581   -255.69897000   -255.69897000   -254.95860731   -254.95860731   -254.95860731   -254.95860731
    5.10000000     -4.21766921     -8.48354841     -4.21769275   -255.69897000   -255.69897000   -254.95860731   -254.95860731   -254.95860731   -254.95860731
    5.20000000     -4.25488728     -8.38454868     -4.25491950   -255.69897000   -255.69897000   -254.95860731   -254.95860731   -254.95860731   -254.95860731
    5.30000000     -4.29211762     -8.28554909     -4.29216171   -255.69897000   -255.69897000   -254.95860731   -254.95860731   -254.95860731   -254.95860731
    5.40000000     -4.32936791     -8.18654976     -4.32942825   -255.69897000   -255.69897000   -254.95860731   -254.95860731   -254.95860731   -254.95860731
    5.50000000     -4.36665038     -8.08755081     -4.36673297   -255.69897000   -255.69897000   -254.95860731   -254.95860731   -254.95860731   -254.95860731
    5.60000000     -4.40398447     -7.98855247     -4.40409752   -255.69897000   -255.69897000   -254.95860731   -254.95860731   -254.95860731   -254.95860731
    5.70000000     -4.44140071     -7.88955510     -4.44155549   -255.69897000   -255.69897000   -254.95860731   -254.95860731   -254.95860731   -254.95860731
    5.80000000     -4.47894686     -7.79055927     -4.47915884   -255.69897000   -255.69897000   -254.95860731   -254.95860731   -254.95860731   -254.95860731
    5.90000000     -4.51669694     -7.69156586     -4.51698739   -255.69897000   -255.69897000   -254.95860731   -254.95860731   -254.95860731   -254.95860731
    6.00000000     -4.55476458     -7.59257628     -4.55516284   -255.69897000   -255.69897000   -254.95860731   -254.95860731   -254.95860731   -254.95860731
    6.10000000     -4.59332230     -7.49359274     -4.59386904   -255.69897000   -255.69897000   -254.95860731   -254.95860731   -254.95860731   -254.95860731
    6.20000000     -4.63262857     -7.39461874     -4.63338049   -255.69897000   -255.69897000   -254.95860731   -254.95860731   -254.95860731   -254.95860731
    6.30000000     -4.67306459     -7.29565974     -4.67410142   -255.69897000   -255.69897000   -254.95860731   -254.95860731   -254.95860731   -254.95860731
    6.40000000     -4.71518182     -7.19672434     -4.71661717   -255.69897000   -255.69897000   -254.95860731   -254.95860731   -254.95860731   -254.95860731
    6.50000000     -4.75975999     -7.09782596     -4.76175855   -255.69897000   -255.69897000   -254.95860731   -254.95860731   -254.95860731   -254.95860731
    6.60000000     -4.80787133     -6.99898553     -4.81067723   -255.69897000   -255.69897000   -254.95860731   -254.95860731   -254.95860731   -254.95860731
    6.70000000     -4.86094092     -6.90023549     -4.86492640   -255.69897000   -255.69897000   -254.95860731   -254.95860731   -254.95860731   -254.95860731
    6.80000000     -4.92078396     -6.80162592     -4.92653591   -255.69897000   -255.69897000   -254.95860731   -254.95860731   -254.95860731   -254.95860731
    6.90000000     -4.98958655     -6.70323356     -4.99806604   -255.69897000   -255.69897000   -254.95860731   -254.95860731   -254.95860731   -254.95860731
    7.00000000     -5.06977544     -6.60517511     -5.08262216   -255.69897000   -255.69897000   -255.69897000   -255.69897000   -255.69897000   -255.69897000
    7.10000000     -5.16368305     -6.50762622     -5.18381417   -255.69897000   -255.69897000   -193.48494798   -192.80720262   -193.32292607   -255.69897000
    7.20000000     -4.98757272     -6.41084803     -5.30565375   -255.69897000   -255.69897000     -5.95207224     -3.22054383     -5.30496104   -158.64216580
    7.30000000     -5.06032916     -6.31522313     -5.45239538   -255.69897000   -255.69897000     -5.96119896     -3.20175681     -5.32878125    -20.39867447
    7.40000000     -5.10715111     -6.22130209     -5.62834115   -255.69897000   -255.69897000     -5.92803128     -3.18610811     -5.33368078     -6.65418311
    7.50000000     -5.13592968     -6.12986065     -5.83763884   -255.69897000   -255.69897000     -5.83548794     -3.17488664     -5.31154852     -6.62460859
    7.60000000     -5.11151315     -6.04196498     -6.08410376   -255.69897000   -255.69897000     -5.64274635     -3.16896096     -5.24009164     -6.60127484
    7.70000000     -5.07729681     -5.95903883     -6.37108741   -255.69897000   -255.69897000     -5.51310893     -3.17136118     -5.18283333     -6.55101674
    7.80000000     -5.04145679     -5.88292213     -6.70140381   -255.69897000   -255.69897000     -5.44028346     -3.17933114     -5.13918328     -6.49043146
    7.90000000     -4.99945854     -5.81590694     -7.07731178   -255.69897000   -255.69897000     -5.36871297     -3.19879689     -5.09478337     -6.44174892
    8.00000000     -4.95294868     -5.76073573     -7.50054249   -255.69897000   -255.69897000     -5.29197933     -3.22298733     -5.04690464     -6.39624882
    8.10000000     -4.88865513     -5.72055061     -7.97235749   -255.69897000   -255.69897000     -5.18697857     -3.25170631     -4.97627332     -6.34947857
    8.20000000     -4.81479512     -5.69879076     -8.49362250   -255.69897000   -255.69897000     -5.06679428     -3.28102303     -4.89269498     -6.29135589
    8.30000000     -4.69406135     -5.69904717     -9.06488513   -255.69897000   -255.69897000     -4.88054881     -3.30131162     -4.75424251     -6.20978245
    8.40000000     -4.58159428     -5.72489457     -9.68644817   -255.69897000   -255.69897000     -4.72013351     -3.31266277     -4.62848429     -6.09813740
    8.50000000     -4.53203566     -5.77972641    -10.35843401   -255.69897000   -255.69897000     -4.65391609     -3.30830581     -4.57437019     -5.97161442
    8.60000000     -4.50262965     -5.86661699    -11.08083795   -255.69897000   -255.69897000     -4.61023827     -3.29309983     -4.54110919     -5.88418694
    8.70000000     -4.44129472     -5.98822697    -11.85357065   -255.69897000   -255.69897000     -4.53427503     -3.26669863     -4.47208494     -5.83859888
    8.80000000     -4.36763664     -6.14675765    -12.67649045   -255.69897000   -255.69897000     -4.44386093     -3.24044075     -4.39222057     -5.78325166
    8.90000000     -4.27208178     -6.34394984    -13.54942726   -255.69897000   -255.69897000     -4.32884356     -3.21430352     -4.29199050     -5.71179452
    9.00000000     -4.17827713     -6.58111671    -14.47219954   -255.69897000   -255.69897000     -4.22499550     -3.20091852     -4.19598027     -5.62211685
    9.10000000     -4.09458906     -6.85919786    -15.44462582   -255.69897000   -255.69897000     -4.13731822     -3.19391716     -4.11174654     -5.52618901
    9.20000000     -4.00864147     -7.17882315    -16.46653226   -255.69897000   -255.69897000     -4.04547983     -3.20192711     -4.02545566     -5.43692780
    9.30000000     -3.92022340     -7.54037706    -17.53775713   -255.69897000   -255.69897000     -3.94968774     -3.21926714     -3.93676179     -5.35055349
    9.40000000     -3.84242410     -7.94405792    -18.65815321   -255.69897000   -255.69897000     -3.87244083     -3.25027648     -3.85928131     -5.26272784
    9.50000000     -3.76847050     -8.38992876    -19.82758870   -255.69897000   -255.69897000     -3.79858446     -3.28915344     -3.78563299     -5.18049556
    9.60000000     -3.67765392     -8.87795896    -21.04594713   -255.69897000   -255.69897000     -3.70300457     -3.34003003     -3.69423291     -5.10421621
    9.70000000     -3.57935522     -9.40805681    -22.31312665   -255.69897000   -255.69897000     -3.60413294     -3.39564378     -3.59537764     -5.02041569
    9.80000000     -3.50880120     -9.98009413    -23.62903899   -255.69897000   -255.69897000     -3.53315619     -3.45553017     -3.52576394     -4.92554712
    9.90000000     -3.44602350    -10.59392416    -24.99360819   -255.69897000   -255.69897000     -3.46766951     -3.51495927     -3.46376502     -4.84365844
   10.00000000     -3.38710335    -11.24939417    -26.40676929   -255.69897000   -255.69897000     -3.39993827     -3.57302397     -3.40516913     -4.77703272
   10.10000000     -3.32840970    -11.94635389    -27.86846701   -255.69897000   -255.69897000     -3.32878123     -3.62584761     -3.34659657     -4.71549768
   10.20000000     -3.26840034    -12.68466090    -29.37865456   -255.69897000   -255.69897000     -3.25232483     -3.67614716     -3.28655729     -4.65618872
   10.30000000     -3.19737378    -13.46418373    -30.93729244   -255.69897000   -255.69897000     -3.17455642     -3.71743761     -3.21506371     -4.59624682
   10.40000000     -3.09863830    -14.28480342    -32.54434749   -255.69897000   -255.69897000     -3.09600193     -3.75751074     -3.11505839     -4.52923129
   10.50000000     -3.01046773    -15.14641396    -34.19979190   -255.69897000   -255.69897000     -3.01985112     -3.79512737     -3.02681044     -4.44307359
   10.60000000     -2.93426119    -16.04892201    -35.90360242   -255.69897000   -255.69897000     -2.94555805     -3.83290127     -2.95120775     -4.35140975
   10.70000000     -2.86746196    -16.99224620    -37.65575970   -255.69897000   -255.69897000     -2.87845074     -3.87213755     -2.88492662     -4.27178913
   10.80000000     -2.80807563    -17.97631618    -39.45624764   -255.69897000   -255.69897000     -2.81698700     -3.91466488     -2.82603576     -4.20049942
   10.90000000     -2.75760812    -19.00107155    -41.30505286   -255.69897000   -255.69897000     -2.76813234     -3.96097152     -2.77612887     -4.13696130
   11.00000000     -2.71265444    -20.06646074    -43.20216430   -255.69897000   -255.69897000     -2.72541746     -4.01514953     -2.73166443     -4.08092724
   11.10000000     -2.74449372    -21.17243994    -45.14757281   -255.69897000   -255.69897000     -2.77312428     -4.07470187     -2.76714221     -4.03851373
   11.20000000     -2.79897737    -22.31897212    -47.14127082   -255.69897000   -255.69897000     -2.83151297     -4.14329450     -2.82503311     -4.03382111
   11.30000000     -2.86513148    -23.50602606    -49.18325210   -255.69897000   -255.69897000     -2.90513583     -4.21826737     -2.89318660     -4.06885563
   11.40000000     -2.93557532    -24.73357556    -51.27351152   -255.69897000   -255.69897000     -2.97991266     -4.30398194     -2.96472104     -4.12327627
   11.50000000     -2.99843305    -26.00159868    -53.41204486   -255.69897000   -255.69897000     -3.04527332     -4.39494094     -3.02742775     -4.18831542
   11.60000000     -3.06516166    -27.31007711    -55.59884867   -255.69897000   -255.69897000     -3.11491805     -4.49791521     -3.09433537     -4.25245952
   11.70000000     -3.13978632    -28.65899559    -57.83392009   -255.69897000   -255.69897000     -3.19128215     -4.60681961     -3.16972091     -4.31627863
   11.80000000     -3.22040934    -30.04834146    -60.11725679   -255.69897000   -255.69897000     -3.27451600     -4.72290327     -3.25117789     -4.38538004
   11.90000000     -3.31061540    -31.47810419    -62.44885688   -255.69897000   -255.69897000     -3.36524581     -4.84656150     -3.34243950     -4.46145849
   12.00000000     -3.40727564    -32.94827509    -64.82871878   -255.69897000   -255.69897000     -3.46366259     -4.97679841     -3.44014558     -4.54459239
   12.10000000     -3.51220879    -34.45884696    -67.25684122   -255.69897000   -255.69897000     -3.56829182     -5.11458675     -3.54626628     -4.63469795
   12.20000000     -3.62702677    -36.00981386    -69.73322316   -255.69897000   -255.69897000     -3.68662365     -5.25675827     -3.66245929     -4.73300483
   12.30000000     -3.75063726    -37.60117091    -72.25786375   -255.69897000   -255.69897000     -3.81168703     -5.41099120     -3.78750201     -4.84011228
   12.40000000     -3.88609853    -39.23291407    -74.83076230   -255.69897000   -255.69897000     -3.95106775     -5.57044958     -3.92474247     -4.95598013
   12.50000000     -4.03038776    -40.90504005    -77.45191823   -255.69897000   -255.69897000     -4.10039573     -5.73932009     -4.07088376     -5.08085059
   12.60000000     -4.19504321    -42.61754611    -80.12133110   -255.69897000   -255.69897000     -4.26857657     -5.91475112     -4.23859414     -5.21542364
   12.70000000     -4.37023027    -44.37043004    -82.83900052   -255.69897000   -255.69897000     -4.44772447     -6.10385690     -4.41674006     -5.36351755
   12.80000000     -4.56883259    -46.16369001    -85.60492620   -255.69897000   -255.69897000     -4.65560496     -6.30036554     -4.61972984     -5.52512272
   12.90000000     -4.78404454    -47.99732452    -88.41910787   -255.69897000   -255.69897000     -4.88361446     -6.50815317     -4.84008365     -5.70105593
   13.00000000     -5.02826276    -49.87133235    -91.28154535   -255.69897000   -255.69897000     -5.13858391     -6.72727424     -5.09219819     -5.89188108
   13.10000000     -5.29636036    -51.78571250    -94.19223846   -255.69897000   -255.69897000     -5.43854681     -6.95707171     -5.37004920     -6.10306651
   13.20000000     -5.61790562    -53.74046417    -97.15118708   -255.69897000   -255.69897000     -5.78668839     -7.19930418     -5.71100906     -6.33244461
   13.30000000     -5.99802137    -55.73558667   -100.15839110   -255.69897000   -255.69897000     -6.27863339     -7.45120648     -6.12794592     -6.58545844
   13.40000000     -6.43383478    -57.77107947   -103.21385043   -255.69897000   -255.69897000     -6.86629960     -7.72200684     -6.63687483     -6.86160940
   13.50000000     -6.87988437    -59.84694213   -106.31756499   -255.69897000   -255.69897000     -7.83183660     -8.00220892     -7.20047507     -7.16219683
   13.60000000     -7.29738585    -61.96317429   -109.46953474   -255.69897000   -255.69897000     -9.02731428     -8.30429639     -7.80588933     -7.45859734
   13.70000000     -7.63380866    -64.11977565   -112.66975962   -255.69897000   -255.69897000    -10.64113465     -8.62090219     -8.29589506     -7.74045069
   13.80000000     -7.92801395    -66.31674598   -115.91823961   -255.69897000   -255.69897000    -12.44785786     -8.95781943     -8.71174405     -8.00608798
   13.90000000     -8.20809528    -68.55408508   -119.21497465   -255.69897000   -255.69897000    -15.01249686     -9.31465154     -9.12231386     -8.26452046
   14.00000000     -8.48980213    -70.83179279   -122.55996474   -255.69897000   -255.69897000    -17.79516083     -9.69525250     -9.53606701     -8.53071059
   14.10000000     -8.78459938    -73.14986899   -125.95320986   -255.69897000   -255.69897000    -21.05296829    -10.10262311     -9.96993640     -8.81390966
   14.20000000     -9.09998353    -75.50831358   -129.39470997   -255.69897000   -255.69897000    -24.64001993    -10.52852881    -10.41323071     -9.12162634
   14.30000000     -9.45106447    -77.90712646   -132.88446509   -255.69897000   -255.69897000    -28.80207212    -10.99210304    -10.89895961     -9.46683146
   14.40000000     -9.84161281    -80.34630757   -136.42247518   -255.69897000   -255.69897000    -33.29586365    -11.47643478    -11.39827995     -9.85383685
   14.50000000    -10.28043981    -82.82585686   -140.00874025   -255.69897000   -255.69897000    -38.25671547    -11.99251087    -11.92722746    -10.29034678
   14.60000000    -10.77947547    -85.34577428   -143.64326029   -255.69897000   -255.69897000    -43.67084205    -12.52653689    -12.47743428    -10.78827006
   14.70000000    -11.32000655    -87.90605980   -147.32603528   -255.69897000   -255.69897000    -49.49774528    -13.11061258    -13.06647258    -11.32786326
   14.80000000    -11.86288581    -90.50671338   -151.05706524   -255.69897000   -255.69897000    -55.76823041    -13.71391473    -13.68079870    -11.86954153
   14.90000000    -12.36287502    -93.14773500   -154.83635015   -255.69897000   -255.69897000    -62.36375644    -14.35170395    -14.33200140    -12.36756315
   15.00000000    -12.79842452    -95.82912465   -158.66389001   -255.69897000   -255.69897000    -69.58985131    -15.01922774    -15.04746511    -12.80087906
