# Infrared (8-1000 μm) luminosity function @ z = 0.50
# Units: log LIR [Lsun] --- log phi [/dex/Mpc^3] ---
#
# Lensing model: "prob_lensing_SISSA_c4n4m30mup135_zlv3.0.dat" with μ_min=1.25 and μ_max=20.00
#
# log LIR --- Total ---  warm (starburst) ---  cold (spiral) ---  type-1 AGN ---  type-2 AGN ---  stellar spheroids ---  agn spheroids ---  global spheroids ---  lensed spheroids (global) --- 
#
# ----------------------------------------------------------------
    5.00000000     -0.02548960     -8.11136192     -0.06860080     -4.52647749     -1.05020618   -255.69897000   -255.69897000   -255.69897000   -255.69897000
    5.10000000     -0.06388189     -8.01236192     -0.10580080     -4.53647750     -1.10020618   -255.69897000   -255.69897000   -255.69897000   -255.69897000
    5.20000000     -0.10224261     -7.91336192     -0.14300080     -4.54647750     -1.15020618   -255.69897000   -255.69897000   -255.69897000   -255.69897000
    5.30000000     -0.14057250     -7.81436192     -0.18020079     -4.55647750     -1.20020618   -255.69897000   -255.69897000   -255.69897000   -255.69897000
    5.40000000     -0.17887230     -7.71536192     -0.21740079     -4.56647750     -1.25020618   -255.69897000   -255.69897000   -255.69897000   -255.69897000
    5.50000000     -0.21714273     -7.61636192     -0.25460079     -4.57647750     -1.30020618   -255.69897000   -255.69897000   -255.69897000   -255.69897000
    5.60000000     -0.25538449     -7.51736192     -0.29180079     -4.58647751     -1.35020618   -255.69897000   -255.69897000   -255.69897000   -255.69897000
    5.70000000     -0.29359827     -7.41836192     -0.32900079     -4.59647751     -1.40020618   -255.69897000   -255.69897000   -255.69897000   -255.69897000
    5.80000000     -0.33178475     -7.31936192     -0.36620079     -4.60647751     -1.45020618   -255.69897000   -255.69897000   -255.69897000   -255.69897000
    5.90000000     -0.36994460     -7.22036192     -0.40340078     -4.61647751     -1.50020618   -255.69897000   -255.69897000   -255.69897000   -255.69897000
    6.00000000     -0.40807846     -7.12136192     -0.44060078     -4.62647752     -1.55020618   -255.69897000   -255.69897000   -255.69897000   -255.69897000
    6.10000000     -0.44618696     -7.02236192     -0.47780078     -4.63647752     -1.60020618   -255.69897000   -255.69897000   -255.69897000   -255.69897000
    6.20000000     -0.48427073     -6.92336192     -0.51500079     -4.64647752     -1.65020618   -255.69897000   -255.69897000   -255.69897000   -255.69897000
    6.30000000     -0.52233037     -6.82436192     -0.55220079     -4.65647753     -1.70020618   -255.69897000   -255.69897000   -255.69897000   -255.69897000
    6.40000000     -0.56036647     -6.72536192     -0.58940080     -4.66647753     -1.75020618   -255.69897000   -255.69897000   -255.69897000   -255.69897000
    6.50000000     -0.59837961     -6.62636192     -0.62660081     -4.67647753     -1.80020618   -255.69897000   -255.69897000   -255.69897000   -255.69897000
    6.60000000     -0.63637036     -6.52736193     -0.66380084     -4.68647754     -1.85020618   -255.69897000   -255.69897000   -255.69897000   -255.69897000
    6.70000000     -0.67433926     -6.42836193     -0.70100088     -4.69647754     -1.90020618   -255.69897000   -255.69897000   -255.69897000   -255.69897000
    6.80000000     -0.71228684     -6.32936193     -0.73820094     -4.70647755     -1.95020618   -255.69897000   -255.69897000   -255.69897000   -255.69897000
    6.90000000     -0.75021361     -6.23036194     -0.77540105     -4.71647756     -2.00020618   -255.69897000   -255.69897000   -255.69897000   -255.69897000
    7.00000000     -0.78812008     -6.13136194     -0.81260121     -4.72647757     -2.05020619   -255.69897000   -255.69897000   -255.69897000   -255.69897000
    7.10000000     -0.82600674     -6.03236195     -0.84980147     -4.73647759     -2.10020619   -255.69897000   -255.69897000   -255.69897000   -255.69897000
    7.20000000     -0.86387405     -5.93336197     -0.88700189     -4.74647762     -2.15020619   -255.69897000   -255.69897000   -255.69897000   -255.69897000
    7.30000000     -0.90172249     -5.83436200     -0.92420255     -4.75647766     -2.20020619   -255.69897000   -255.69897000   -255.69897000   -255.69897000
    7.40000000     -0.93955252     -5.73536205     -0.96140360     -4.76647773     -2.25020620   -255.69897000   -255.69897000   -255.69897000   -255.69897000
    7.50000000     -0.97736463     -5.63636212     -0.99860526     -4.77647784     -2.30020621   -255.69897000   -255.69897000   -255.69897000   -255.69897000
    7.60000000     -1.01515935     -5.53736224     -1.03580789     -4.78647801     -2.35020622   -255.69897000   -255.69897000   -255.69897000   -255.69897000
    7.70000000     -1.05293730     -5.43836242     -1.07301206     -4.79647828     -2.40020624   -255.69897000   -255.69897000   -255.69897000   -255.69897000
    7.80000000     -1.09069927     -5.33936272     -1.11021866     -4.80647870     -2.45020628   -255.69897000   -255.69897000   -255.69897000   -255.69897000
    7.90000000     -1.12844638     -5.24036318     -1.14742909     -4.81647937     -2.50020634   -255.69897000   -255.69897000   -255.69897000   -255.69897000
    8.00000000     -1.16618025     -5.14136391     -1.18464557     -4.82648043     -2.55020643   -255.69897000   -255.69897000   -255.69897000   -255.69897000
    8.10000000     -1.20390340     -5.04236508     -1.22187161     -4.83648211     -2.60020657   -255.69897000   -255.69897000   -255.69897000   -255.69897000
    8.20000000     -1.24161983     -4.94336692     -1.25911270     -4.84648476     -2.65020680   -255.69897000   -255.69897000   -255.69897000   -255.69897000
    8.30000000     -1.27933591     -4.84436983     -1.29637747     -4.85648894     -2.70020716   -255.69897000   -255.69897000   -255.69897000   -255.69897000
    8.40000000     -1.31706187     -4.74537444     -1.33367943     -4.86649554     -2.75020774   -255.69897000   -255.69897000   -255.69897000   -255.69897000
    8.50000000     -1.35481409     -4.64638173     -1.37103965     -4.87650596     -2.80020865   -255.69897000   -255.69897000   -255.69897000   -255.69897000
    8.60000000     -1.39261862     -4.54739325     -1.40849087     -4.88652237     -2.85021008   -255.69897000   -255.69897000   -255.69897000   -255.69897000
    8.70000000     -1.43051664     -4.44841146     -1.44608374     -4.89654819     -2.90021235   -255.69897000   -255.69897000   -255.69897000   -255.69897000
    8.80000000     -1.46857261     -4.34944021     -1.48389609     -4.90658875     -2.95021595   -255.69897000   -255.69897000   -255.69897000   -255.69897000
    8.90000000     -1.50688632     -4.25048554     -1.52204667     -4.91665231     -3.00022162   -255.69897000   -255.69897000   -255.69897000   -255.69897000
    9.00000000     -1.54561038     -4.15155694     -1.56071493     -4.92675164     -3.05023058   -255.69897000   -255.69897000   -255.69897000   -255.69897000
    9.10000000     -1.58497467     -4.05266922     -1.60016905     -4.93690633     -3.10024471   -255.69897000   -255.69897000   -255.69897000   -255.69897000
    9.20000000     -1.62531932     -3.95384543     -1.64080429     -4.94714621     -3.15026698   -255.69897000   -255.69897000   -255.69897000   -255.69897000
    9.30000000     -1.66713695     -3.85512129     -1.68319364     -4.95751626     -3.20030199   -255.69897000   -255.69897000   -255.69897000   -255.69897000
    9.40000000     -1.71112262     -3.75655188     -1.72815139     -4.96808351     -3.25035697   -255.69897000   -255.69897000   -255.69897000   -255.69897000
    9.50000000     -1.75822592     -3.65822141     -1.77680800     -4.97894641     -3.30044307   -255.69897000   -255.69897000   -255.69897000   -255.69897000
    9.60000000     -1.80969203     -3.56025774     -1.83069076     -4.99024708     -3.35057753   -255.69897000   -255.69897000   -255.69897000   -255.69897000
    9.70000000     -1.86706731     -3.46285276     -1.89179954     -5.00218652     -3.40078673   -255.69897000   -255.69897000   -255.69897000   -255.69897000
    9.80000000     -1.93212702     -3.36629097     -1.96266240     -5.01504218     -3.45111077   -255.69897000   -255.69897000   -255.69897000   -255.69897000
    9.90000000     -2.00665697     -3.27098762     -2.04635304     -5.02918641     -3.50160997   -255.69897000   -255.69897000   -255.69897000   -255.69897000
   10.00000000     -2.09198346     -3.17753767     -2.14645378     -5.04510316     -3.55237389   -255.69897000   -255.69897000   -255.69897000   -255.69897000
   10.10000000     -2.18810553     -3.08677514     -2.26695651     -5.06339905     -3.60353362   -255.69897000   -255.69897000   -255.69897000   -255.69897000
   10.20000000     -2.29231143     -2.99983938     -2.41210655     -5.08480496     -3.65527752   -255.69897000   -255.69897000   -255.69897000   -255.69897000
   10.30000000     -2.39753014     -2.91824145     -2.58620889     -5.11016435     -3.70787053   -255.69897000   -255.69897000   -255.69897000   -255.69897000
   10.40000000     -2.49189187     -2.84391900     -2.79342573     -5.14040753     -3.76167610   -255.69897000   -255.69897000   -255.69897000   -255.69897000
   10.50000000     -2.56249155     -2.77926515     -3.03759623     -5.17651345     -3.81717847   -255.69897000   -255.69897000   -255.69897000   -255.69897000
   10.60000000     -2.60376675     -2.72711674     -3.32210191     -5.21946433     -3.87500184   -255.69897000   -255.69897000   -255.69897000   -255.69897000
   10.70000000     -2.62274208     -2.69069192     -3.64978956     -5.27019981     -3.93592163   -255.69897000   -255.69897000   -255.69897000   -255.69897000
   10.80000000     -2.63446527     -2.67347702     -4.02295043     -5.32957766     -4.00086281   -255.69897000   -255.69897000   -255.69897000   -255.69897000
   10.90000000     -2.65389723     -2.67907419     -4.44334546     -5.39834581     -4.07088169   -255.69897000   -255.69897000   -255.69897000   -255.69897000
   11.00000000     -2.69206479     -2.71103174     -4.91226200     -5.47712759     -4.14713057   -255.69897000   -255.69897000   -255.69897000   -255.69897000
   11.10000000     -2.75622242     -2.77268326     -5.43058700     -5.56641969     -4.23080844   -255.69897000   -255.69897000   -255.69897000   -255.69897000
   11.20000000     -2.85110880     -2.86701825     -5.99888474     -5.66659976     -4.32310475   -255.69897000   -255.69897000   -255.69897000   -255.69897000
   11.30000000     -2.97991087     -2.99659828     -6.61747061     -5.77794056     -4.42514479   -255.69897000   -255.69897000   -255.69897000   -255.69897000
   11.40000000     -3.14476603     -3.16352183     -7.28647604     -5.90062714     -4.53794458   -255.69897000   -255.69897000   -255.69897000   -255.69897000
   11.50000000     -3.34695246     -3.36943163     -8.00590257     -6.03477457     -4.66238057   -255.69897000   -255.69897000   -255.69897000   -255.69897000
   11.60000000     -3.58688003     -3.61555329     -8.77566486     -6.18044447     -4.79917553   -255.69897000   -255.69897000   -255.69897000   -255.69897000
   11.70000000     -3.86389595     -3.90275248     -9.59562361     -6.33765931     -4.94889916   -255.69897000   -255.69897000   -255.69897000   -255.69897000
   11.80000000     -4.17583064     -4.23159952    -10.46560989     -6.50641425     -5.11197962   -255.69897000   -255.69897000   -255.69897000   -255.69897000
   11.90000000     -4.51815614     -4.60243300    -11.38544244     -6.68668642     -5.28872204   -255.69897000   -255.69897000   -255.69897000   -255.69897000
   12.00000000     -4.88273021     -5.01541735    -12.35493957     -6.87844199     -5.47932980   -255.69897000   -255.69897000   -255.69897000   -255.69897000
   12.10000000     -5.25671097     -5.47059172    -13.37392682     -7.08164138     -5.68392598   -255.69897000   -255.69897000   -255.69897000   -255.69897000
   12.20000000     -5.62365431     -5.96790949    -14.44224168     -7.29624286     -5.90257290   -255.69897000   -255.69897000   -255.69897000   -255.69897000
   12.30000000     -5.96925349     -6.50726905    -15.55973602     -7.52220508     -6.13528888   -255.69897000   -255.69897000   -255.69897000   -255.69897000
   12.40000000     -6.28916302     -7.08853680    -16.72627712     -7.75948864     -6.38206192   -255.69897000   -255.69897000   -255.69897000   -255.69897000
   12.50000000     -6.59035848     -7.71156373    -17.94174763     -8.00805704     -6.64286030   -255.69897000   -255.69897000   -255.69897000   -255.69897000
   12.60000000     -6.88444488     -8.37619706    -19.20604486     -8.26787714     -6.91764064   -255.69897000   -255.69897000   -255.69897000   -255.69897000
   12.70000000     -7.18112796     -9.08228788    -20.51907978     -8.53891935     -7.20635375   -255.69897000   -255.69897000   -255.69897000   -255.69897000
   12.80000000     -7.48631104     -9.82969597    -21.88077572     -8.82115756     -7.50894867   -255.69897000   -255.69897000   -255.69897000   -255.69897000
   12.90000000     -7.80295018    -10.61829254    -23.29106711     -9.11456900     -7.82537542   -255.69897000   -255.69897000   -255.69897000   -255.69897000
   13.00000000     -8.13232726    -11.44796149    -24.74989816     -9.41913393     -8.15558677   -255.69897000   -255.69897000   -255.69897000   -255.69897000
   13.10000000     -8.47492120    -12.31859962    -26.25722157     -9.73483540     -8.49953915   -255.69897000   -255.69897000   -255.69897000   -255.69897000
   13.20000000     -8.83086728    -13.23011631    -27.81299748    -10.06165892     -8.85719321   -255.69897000   -255.69897000   -255.69897000   -255.69897000
   13.30000000     -9.20016565    -14.18243273    -29.41719235    -10.39959216     -9.22851392   -255.69897000   -255.69897000   -255.69897000   -255.69897000
   13.40000000     -9.58276582    -15.17548079    -31.06977808    -10.74862472     -9.61347043   -255.69897000   -255.69897000   -255.69897000   -255.69897000
   13.50000000     -9.97859721    -16.20920215    -32.77073119    -11.10874780    -10.01203590   -255.69897000   -255.69897000   -255.69897000   -255.69897000
   13.60000000    -10.38757835    -17.28354704    -34.52003211    -11.47995401    -10.42418712   -255.69897000   -255.69897000   -255.69897000   -255.69897000
   13.70000000    -10.80961830    -18.39847322    -36.31766455    -11.86223719    -10.84990418   -255.69897000   -255.69897000   -255.69897000   -255.69897000
   13.80000000    -11.24461528    -19.55394503    -38.16361500    -12.25559216    -11.28917007   -255.69897000   -255.69897000   -255.69897000   -255.69897000
   13.90000000    -11.69245423    -20.74993241    -40.05787227    -12.66001463    -11.74197037   -255.69897000   -255.69897000   -255.69897000   -255.69897000
   14.00000000    -12.15300391    -21.98641017    -42.00042710    -13.07550101    -12.20829287   -255.69897000   -255.69897000   -255.69897000   -255.69897000
   14.10000000    -12.62611362    -23.26335722    -43.99127183    -13.50204835    -12.68812730   -255.69897000   -255.69897000   -255.69897000   -255.69897000
   14.20000000    -13.11160972    -24.58075597    -46.03040017    -13.93965417    -13.18146503   -255.69897000   -255.69897000   -255.69897000   -255.69897000
   14.30000000    -13.60929202    -25.93859178    -48.11780693    -14.38831646    -13.68829884   -255.69897000   -255.69897000   -255.69897000   -255.69897000
   14.40000000    -14.11893028    -27.33685248    -50.25348785    -14.84803353    -14.20862269   -255.69897000   -255.69897000   -255.69897000   -255.69897000
   14.50000000    -14.64026107    -28.77552798    -52.43743940    -15.31880401    -14.74243159   -255.69897000   -255.69897000   -255.69897000   -255.69897000
   14.60000000    -15.17298547    -30.25460994    -54.66965873    -15.80062675    -15.28972134   -255.69897000   -255.69897000   -255.69897000   -255.69897000
   14.70000000    -15.71676812    -31.77409146    -56.95014346    -16.29350082    -15.85048850   -255.69897000   -255.69897000   -255.69897000   -255.69897000
   14.80000000    -16.27123841    -33.33396685    -59.27889168    -16.79742545    -16.42473020   -255.69897000   -255.69897000   -255.69897000   -255.69897000
   14.90000000    -16.83599451    -34.93423143    -61.65590179    -17.31240002    -17.01244408   -255.69897000   -255.69897000   -255.69897000   -255.69897000
   15.00000000    -17.41061101    -36.57488134    -64.08117252    -17.83842400    -17.61362818   -255.69897000   -255.69897000   -255.69897000   -255.69897000
