# Infrared (8-1000 μm) luminosity function @ z = 2.80
# Units: log LIR [Lsun] --- log phi [/dex/Mpc^3] ---
#
# Lensing model: "prob_lensing_SISSA_c4n4m30mup135_zlv3.0.dat" with μ_min=1.25 and μ_max=20.00
#
# log LIR --- Total ---  warm (starburst) ---  cold (spiral) ---  type-1 AGN ---  type-2 AGN ---  stellar spheroids ---  agn spheroids ---  global spheroids ---  lensed spheroids (global) --- 
#
# ----------------------------------------------------------------
    5.00000000     -2.58918954     -8.57151113     -2.66619305     -6.35938641     -3.37885313   -254.95860731   -254.95860731   -254.95860731   -254.95860731
    5.10000000     -2.62843672     -8.47251113     -2.70339315     -6.36938641     -3.42885313   -254.95860731   -254.95860731   -254.95860731   -254.95860731
    5.20000000     -2.66763326     -8.37351113     -2.74059332     -6.37938642     -3.47885314   -254.95860731   -254.95860731   -254.95860731   -254.95860731
    5.30000000     -2.70678016     -8.27451113     -2.77779358     -6.38938642     -3.52885314   -254.95860731   -254.95860731   -254.95860731   -254.95860731
    5.40000000     -2.74587839     -8.17551114     -2.81499400     -6.39938644     -3.57885314   -254.95860731   -254.95860731   -254.95860731   -254.95860731
    5.50000000     -2.78492897     -8.07651114     -2.85219467     -6.40938645     -3.62885315   -254.95860731   -254.95860731   -254.95860731   -254.95860731
    5.60000000     -2.82393290     -7.97751115     -2.88939573     -6.41938648     -3.67885316   -254.95860731   -254.95860731   -254.95860731   -254.95860731
    5.70000000     -2.86289124     -7.87851117     -2.92659741     -6.42938652     -3.72885318   -254.95860731   -254.95860731   -254.95860731   -254.95860731
    5.80000000     -2.90180513     -7.77951119     -2.96380007     -6.43938658     -3.77885320   -254.95860731   -254.95860731   -254.95860731   -254.95860731
    5.90000000     -2.94067582     -7.68051124     -3.00100428     -6.44938668     -3.82885324   -254.95860731   -254.95860731   -254.95860731   -254.95860731
    6.00000000     -2.97950479     -7.58151130     -3.03821094     -6.45938683     -3.87885331   -254.95860731   -254.95860731   -254.95860731   -254.95860731
    6.10000000     -3.01829391     -7.48251140     -3.07542148     -6.46938707     -3.92885341   -254.95860731   -254.95860731   -254.95860731   -254.95860731
    6.20000000     -3.05704564     -7.38351157     -3.11263813     -6.47938744     -3.97885357   -254.95860731   -254.95860731   -254.95860731   -254.95860731
    6.30000000     -3.09576345     -7.28451183     -3.14986444     -6.48938804     -4.02885383   -254.95860731   -254.95860731   -254.95860731   -254.95860731
    6.40000000     -3.13445240     -7.18551224     -3.18710594     -6.49938898     -4.07885424   -254.95860731   -254.95860731   -254.95860731   -254.95860731
    6.50000000     -3.17312016     -7.08651289     -3.22437138     -6.50939046     -4.12885489   -254.95860731   -254.95860731   -254.95860731   -254.95860731
    6.60000000     -3.21177842     -6.98751392     -3.26167437     -6.51939281     -4.17885592   -254.95860731   -254.95860731   -254.95860731   -254.95860731
    6.70000000     -3.25044533     -6.88851556     -3.29903620     -6.52939652     -4.22885755   -254.95860731   -254.95860731   -254.95860731   -254.95860731
    6.80000000     -3.28914904     -6.78951815     -3.33648994     -6.53940238     -4.27886012   -254.95860731   -254.95860731   -254.95860731   -254.95860731
    6.90000000     -3.32793322     -6.69052224     -3.37408673     -6.54941162     -4.32886419   -254.95860731   -254.95860731   -254.95860731   -254.95860731
    7.00000000     -3.36686531     -6.59152872     -3.41190513     -6.55942618     -4.37887061   -255.69897000   -255.69897000   -255.69897000   -255.69897000
    7.10000000     -3.40604873     -6.49253897     -3.45006501     -6.56944911     -4.42888076   -193.36707652   -192.78249286   -193.27141851   -255.69897000
    7.20000000     -3.43489851     -6.39355516     -3.48874744     -6.57948513     -4.47889675     -5.38088337     -3.12413913     -5.04695975   -158.58069151
    7.30000000     -3.47216802     -6.29458072     -3.52822299     -6.58954163     -4.52892193     -5.22944848     -3.11193868     -4.97981836    -20.20621048
    7.40000000     -3.51110722     -6.19562104     -3.56889027     -6.59962998     -4.57896152     -5.20256546     -3.10340911     -4.96955818     -6.37668087
    7.50000000     -3.55191675     -6.09668457     -3.61132689     -6.60976772     -4.62902363     -5.19176879     -3.09976331     -4.96466367     -6.31304297
    7.60000000     -3.59437358     -5.99778451     -3.65635334     -6.61998157     -4.67912085     -5.17443395     -3.10137324     -4.95263540     -6.29198403
    7.70000000     -3.63696536     -5.89894146     -3.70510802     -6.63031195     -4.72927252     -5.08505736     -3.11028581     -4.89198937     -6.27741859
    7.80000000     -3.67907704     -5.80018733     -3.75912796     -6.64081930     -4.77950824     -4.93699455     -3.12370089     -4.78924350     -6.24350323
    7.90000000     -3.72537978     -5.70157142     -3.82042428     -6.65159274     -4.82987286     -4.83842364     -3.14600633     -4.71459384     -6.15981608
    8.00000000     -3.77689332     -5.60316928     -3.89153719     -6.66276156     -4.88043361     -4.76482313     -3.16990923     -4.65637087     -6.07638977
    8.10000000     -3.83148976     -5.50509585     -3.97555231     -6.67450965     -4.93129000     -4.68641637     -3.19384773     -4.59204592     -6.00907520
    8.20000000     -3.88780423     -5.40752418     -4.07606240     -6.68709257     -4.98258695     -4.60567576     -3.21412954     -4.52456524     -5.94579475
    8.30000000     -3.93068954     -5.31071168     -4.19706688     -6.70085599     -5.03453157     -4.48083288     -3.22176290     -4.41876621     -5.87667858
    8.40000000     -3.96137965     -5.21503572     -4.34281458     -6.71625313     -5.08741334     -4.36867737     -3.21992636     -4.32059567     -5.78910153
    8.50000000     -3.98500027     -5.12103972     -4.51760949     -6.73385777     -5.14162636     -4.28974563     -3.20439267     -4.25071288     -5.69110116
    8.60000000     -3.98833116     -5.02949002     -4.72560846     -6.75436866     -5.19769123     -4.21220201     -3.18169066     -4.18317413     -5.60868249
    8.70000000     -3.95344614     -4.94144087     -4.97064171     -6.77860160     -5.25627258     -4.11652242     -3.15478197     -4.09383917     -5.53831867
    8.80000000     -3.90774724     -4.85830173     -5.25607949     -6.80746732     -5.31818727     -4.03698457     -3.13097318     -4.01854076     -5.45832843
    8.90000000     -3.86718652     -4.78189636     -5.58475627     -6.84193621     -5.38439847     -3.98096169     -3.11095725     -3.96581391     -5.37804418
    9.00000000     -3.81690427     -4.71449993     -5.95895104     -6.88299418     -5.45599275     -3.92148157     -3.10248479     -3.90807644     -5.31525638
    9.10000000     -3.75843035     -4.65883890     -6.38041354     -6.93159623     -5.53414040     -3.85788031     -3.10058803     -3.84316867     -5.25781092
    9.20000000     -3.69316936     -4.61804218     -6.85042136     -6.98862492     -5.62004349     -3.78417020     -3.11524450     -3.77062866     -5.19576353
    9.30000000     -3.62297422     -4.59554036     -7.36985342     -7.05485898     -5.71487916     -3.70383922     -3.13959404     -3.69174731     -5.12754614
    9.40000000     -3.55482516     -4.59492176     -7.93926768     -7.13095522     -5.81974693     -3.62520134     -3.17541250     -3.61467740     -5.05213721
    9.50000000     -3.48771391     -4.61976472     -8.55897477     -7.21744318     -5.93562722     -3.54717641     -3.22293716     -3.53837742     -4.97492480
    9.60000000     -3.42148363     -4.67347207     -9.22910270     -7.31473067     -6.06335546     -3.47010471     -3.27981460     -3.46327018     -4.89844631
    9.70000000     -3.35760517     -4.75913181     -9.94965063     -7.42311640     -6.20361225     -3.39794676     -3.34323381     -3.39167311     -4.82277208
    9.80000000     -3.30269607     -4.87942096    -10.72053171     -7.54280676     -6.35692733     -3.33682862     -3.41027929     -3.33105501     -4.74916999
    9.90000000     -3.24800223     -5.03655800    -11.54160574     -7.67393355     -6.52369344     -3.27637432     -3.47635193     -3.27189236     -4.68352849
   10.00000000     -3.18909537     -5.23230030    -12.41270333     -7.81657093     -6.70418589     -3.21291068     -3.53958578     -3.20964527     -4.62284882
   10.10000000     -3.13160106     -5.46797590    -13.33364314     -7.97075044     -6.89858420     -3.14743161     -3.59635566     -3.15021551     -4.56151239
   10.20000000     -3.07680432     -5.74453707    -14.30424353     -8.13647340     -7.10699311     -3.07999838     -3.64791008     -3.09450446     -4.50062935
   10.30000000     -3.01918412     -6.06262392    -15.32433029     -8.31372091     -7.32946146     -3.01279371     -3.69078804     -3.03629449     -4.44315127
   10.40000000     -2.95798120     -6.42262887    -16.39374119     -8.50246147     -7.56599812     -2.94578553     -3.73063033     -2.97468037     -4.38568097
   10.50000000     -2.88588325     -6.82475614    -17.51232845     -8.70265657     -7.81658478     -2.87831751     -3.76683309     -2.90200791     -4.32574666
   10.60000000     -2.80656726     -7.26907297    -18.67995970     -8.91426478     -8.08118587     -2.81060006     -3.80301716     -2.82216256     -4.25963199
   10.70000000     -2.73918267     -7.75555153    -19.89651791     -9.13724446     -8.35975595     -2.74516503     -3.83985329     -2.75508682     -4.18353432
   10.80000000     -2.67971492     -8.28410191    -21.16190072     -9.37155559     -8.65224498     -2.68714717     -3.88027836     -2.69609337     -4.11143411
   10.90000000     -2.63614030     -8.85459690    -22.47601937     -9.61716084     -8.95860206     -2.64837353     -3.92401830     -2.65332003     -4.04748321
   11.00000000     -2.60542714     -9.46689017    -23.83879748     -9.87402617     -9.27877782     -2.63938105     -3.97442697     -2.62349279     -3.99536372
   11.10000000     -2.69719658    -10.12082904    -25.25016970    -10.14212103     -9.61272595     -2.72998694     -4.02926689     -2.72120193     -3.96662182
   11.20000000     -2.78666046    -10.81626305    -26.71008043    -10.42141844     -9.96040400     -2.82053128     -4.09366753     -2.81423081     -3.99771545
   11.30000000     -2.86960860    -11.55304940    -28.21848256    -10.71189475    -10.32177378     -2.91097628     -4.16465068     -2.89771573     -4.07255457
   11.40000000     -2.94419540    -12.33105622    -29.77533637    -11.01352946    -10.69680142     -2.98736101     -4.24235028     -2.97193040     -4.15274533
   11.50000000     -3.00423233    -13.15016404    -31.38060847    -11.32630491    -11.08545720     -3.04981647     -4.32931887     -3.03096589     -4.22825816
   11.60000000     -3.06859293    -14.01026639    -33.03427086    -11.65020600    -11.48771529     -3.11727494     -4.42300850     -3.09519517     -4.29469234
   11.70000000     -3.13885197    -14.91126946    -34.73630015    -11.98521986    -11.90355340     -3.18876673     -4.52481375     -3.16593042     -4.35748128
   11.80000000     -3.21708018    -15.85309147    -36.48667685    -12.33133560    -12.33295246     -3.26929001     -4.63061260     -3.24492443     -4.42397665
   11.90000000     -3.30162341    -16.83566169    -38.28538475    -12.68854402    -12.77589620     -3.35400241     -4.74945955     -3.33025809     -4.49675414
   12.00000000     -3.39351888    -17.85891935    -40.13241039    -13.05683741    -13.23237082     -3.44755945     -4.87217493     -3.42299783     -4.57644723
   12.10000000     -3.49087370    -18.92281259    -42.02774261    -13.43620927    -13.70236467     -3.54702122     -5.00275170     -3.52115569     -4.66252665
   12.20000000     -3.59962706    -20.02729733    -43.97137220    -13.82665419    -14.18586796     -3.65658673     -5.13988442     -3.63110875     -4.75499913
   12.30000000     -3.71441186    -21.17233630    -45.96329155    -14.22816767    -14.68287245     -3.77274333     -5.28620714     -3.74694531     -4.85603121
   12.40000000     -3.84279319    -22.35789809    -48.00349438    -14.64074593    -15.19337127     -3.90391994     -5.43963221     -3.87686018     -4.96516590
   12.50000000     -3.98053489    -23.58395632    -50.09197553    -15.06438588    -15.71735869     -4.04608161     -5.60008733     -4.01624778     -5.08322828
   12.60000000     -4.13289159    -24.85048891    -52.22873074    -15.49908492    -16.25482994     -4.20099492     -5.77246123     -4.17082096     -5.21052694
   12.70000000     -4.29824876    -26.15747743    -54.41375653    -15.94484091    -16.80578104     -4.37491870     -5.95109997     -4.33853749     -5.35083820
   12.80000000     -4.48463223    -27.50490652    -56.64705002    -16.40165210    -17.37020871     -4.56629782     -6.14136419     -4.52841361     -5.50283389
   12.90000000     -4.69315225    -28.89276341    -58.92860888    -16.86951704    -17.94811024     -4.78650645     -6.33991783     -4.74165132     -5.66922699
   13.00000000     -4.92238271    -30.32103753    -61.25843118    -17.34843451    -18.53948337     -5.02399167     -6.55111583     -4.97685146     -5.85096934
   13.10000000     -5.20102819    -31.78972010    -63.63651535    -17.83840355    -19.14432627     -5.34095323     -6.77227045     -5.26636189     -6.05593268
   13.20000000     -5.52206218    -33.29880389    -66.06286010    -18.33942333    -19.76263739     -5.72545562     -7.00973220     -5.60471033     -6.28328225
   13.30000000     -5.93603728    -34.84828291    -68.53746439    -18.85149320    -20.39441549     -6.27247170     -7.26258705     -6.06123158     -6.53733148
   13.40000000     -6.38489949    -36.43815224    -71.06032736    -19.37461262    -21.03965953     -6.94547661     -7.52840494     -6.58203141     -6.82277083
   13.50000000     -6.85028559    -38.06840781    -73.63144830    -19.90878113    -21.69836867     -8.09313168     -7.81886950     -7.16960499     -7.13376539
   13.60000000     -7.25461475    -39.73904631    -76.25082666    -20.45399837    -22.37054222     -9.47996039     -8.12544617     -7.72648365     -7.43335621
   13.70000000     -7.58329161    -41.45006499    -78.91846195    -21.01026404    -23.05617960    -11.29181286     -8.45575695     -8.17460729     -7.71187168
   13.80000000     -7.87672648    -43.20146161    -81.63435382    -21.57757791    -23.75528035    -13.47365697     -8.79947180     -8.58974191     -7.97019498
   13.90000000     -8.15589176    -44.99323433    -84.39850195    -22.15593976    -24.46784409    -16.13236240     -9.18397533     -9.00718459     -8.22181462
   14.00000000     -8.43697820    -46.82538164    -87.21090609    -22.74534945    -25.19387052    -19.17467169     -9.58425604     -9.43784277     -8.48263973
   14.10000000     -8.73131417    -48.69790232    -90.07156603    -23.34580684    -25.93335936    -22.58828282    -10.01316205     -9.89070830     -8.76249497
   14.20000000     -9.04881939    -50.61079535    -92.98048162    -23.95731181    -26.68631043    -26.57607427    -10.46822518    -10.36589806     -9.07026733
   14.30000000     -9.40379888    -52.56405991    -95.93765272    -24.57986429    -27.45272355    -30.87982937    -10.95439618    -10.86833904     -9.41896254
   14.40000000     -9.80242454    -54.55769534    -98.94307922    -25.21346420    -28.23259859    -35.69104555    -11.46824550    -11.39600322     -9.81363959
   14.50000000    -10.25562486    -56.59170108   -101.99676104    -25.85811148    -29.02593542    -40.83140343    -12.00566590    -11.94651795    -10.26456519
   14.60000000    -10.77328328    -58.66607670   -105.09869809    -26.51380609    -29.83273397    -46.52504908    -12.58661906    -12.53799777    -10.78081388
   14.70000000    -11.31264123    -60.78082183   -108.24889033    -27.18054799    -30.65299415    -52.48886995    -13.18704758    -13.15187605    -11.31897574
   14.80000000    -11.83715971    -62.93593617   -111.44733770    -27.85833715    -31.48671591    -59.08078699    -13.82785007    -13.80809469    -11.84182826
   14.90000000    -12.30689490    -65.13141948   -114.69404018    -28.54717354    -32.33389920    -66.00278087    -14.49424106    -14.50147457    -12.30967843
   15.00000000    -12.73859473    -67.36727157   -117.98899772    -29.24705714    -33.19454398    -73.35981283    -15.19553551    -15.28286814    -12.73983675
