# Infrared (8-1000 μm) luminosity function @ z = 3.90
# Units: log LIR [Lsun] --- log phi [/dex/Mpc^3] ---
#
# Lensing model: "prob_lensing_SISSA_c4n4m30mup135_zlv3.0.dat" with μ_min=1.25 and μ_max=20.00
#
# log LIR --- Total ---  warm (starburst) ---  cold (spiral) ---  type-1 AGN ---  type-2 AGN ---  stellar spheroids ---  agn spheroids ---  global spheroids ---  lensed spheroids (global) --- 
#
# ----------------------------------------------------------------
    5.00000000    -12.25890000    -12.25890000    -22.85544957   -255.69897000   -255.69897000   -254.95860731   -254.95860731   -254.95860731   -254.95860731
    5.10000000    -12.69787924    -12.69787924    -24.01688293   -255.69897000   -255.69897000   -254.95860731   -254.95860731   -254.95860731   -254.95860731
    5.20000000    -13.17902778    -13.17902778    -25.22725722   -255.69897000   -255.69897000   -254.95860731   -254.95860731   -254.95860731   -254.95860731
    5.30000000    -13.70226201    -13.70226201    -26.48646829   -255.69897000   -255.69897000   -254.95860731   -254.95860731   -254.95860731   -254.95860731
    5.40000000    -14.26745831    -14.26745831    -27.79442572   -255.69897000   -255.69897000   -254.95860731   -254.95860731   -254.95860731   -254.95860731
    5.50000000    -14.87447198    -14.87447198    -29.15105163   -255.69897000   -255.69897000   -254.95860731   -254.95860731   -254.95860731   -254.95860731
    5.60000000    -15.52315059    -15.52315059    -30.55627935   -255.69897000   -255.69897000   -254.95860731   -254.95860731   -254.95860731   -254.95860731
    5.70000000    -16.21334304    -16.21334304    -32.01005212   -255.69897000   -255.69897000   -254.95860731   -254.95860731   -254.95860731   -254.95860731
    5.80000000    -16.94490534    -16.94490534    -33.51232183   -255.69897000   -255.69897000   -254.95860731   -254.95860731   -254.95860731   -254.95860731
    5.90000000    -17.71770412    -17.71770412    -35.06304787   -255.69897000   -255.69897000   -254.95860731   -254.95860731   -254.95860731   -254.95860731
    6.00000000    -18.53161831    -18.53161831    -36.66219610   -255.69897000   -255.69897000   -254.95860731   -254.95860731   -254.95860731   -254.95860731
    6.10000000    -19.38653978    -19.38653978    -38.30973790   -255.69897000   -255.69897000   -254.95860731   -254.95860731   -254.95860731   -254.95860731
    6.20000000    -20.28237316    -20.28237316    -40.00564933   -255.69897000   -255.69897000   -254.95860731   -254.95860731   -254.95860731   -254.95860731
    6.30000000    -21.21903520    -21.21903520    -41.74991044   -255.69897000   -255.69897000   -254.95860731   -254.95860731   -254.95860731   -254.95860731
    6.40000000    -22.19645382    -22.19645382    -43.54250464   -255.69897000   -255.69897000   -254.95860731   -254.95860731   -254.95860731   -254.95860731
    6.50000000    -23.21456705    -23.21456705    -45.38341814   -255.69897000   -255.69897000   -254.95860731   -254.95860731   -254.95860731   -254.95860731
    6.60000000    -24.27332197    -24.27332197    -47.27263952   -255.69897000   -255.69897000   -254.95860731   -254.95860731   -254.95860731   -254.95860731
    6.70000000    -25.37267357    -25.37267357    -49.21015935   -255.69897000   -255.69897000   -254.95860731   -254.95860731   -254.95860731   -254.95860731
    6.80000000    -26.51258378    -26.51258378    -51.19596982   -255.69897000   -255.69897000   -254.95860731   -254.95860731   -254.95860731   -254.95860731
    6.90000000    -27.69302048    -27.69302048    -53.23006450   -255.69897000   -255.69897000   -254.95860731   -254.95860731   -254.95860731   -254.95860731
    7.00000000    -28.91395671    -28.91395671    -55.31243809   -255.69897000   -255.69897000   -255.69897000   -255.69897000   -255.69897000   -255.69897000
    7.10000000    -30.17536988    -30.17536988    -57.44308624   -255.69897000   -255.69897000   -255.69897000   -192.88380450   -193.46196004   -255.69897000
    7.20000000     -5.85108368    -31.47724113    -59.62200537   -255.69897000   -255.69897000   -131.49962068     -3.52581183     -5.85108368   -158.82338481
    7.30000000     -5.85354327    -32.81955474    -61.84919254   -255.69897000   -255.69897000     -7.48427894     -3.50424901     -5.85354327    -20.84144579
    7.40000000     -5.81976487    -34.20229764    -64.12464534   -255.69897000   -255.69897000     -8.29267491     -3.48648673     -5.84266842     -7.10904785
    7.50000000     -5.80292346    -35.62545900    -66.44836181   -255.69897000   -255.69897000     -9.86581949     -3.47114435     -5.82739492     -7.06422606
    7.60000000     -5.78150665    -37.08902983    -68.82034033   -255.69897000   -255.69897000    -10.94708612     -3.45918003     -5.80622684     -7.03854066
    7.70000000     -5.76160200    -38.59300271    -71.24057958   -255.69897000   -255.69897000    -10.70362975     -3.45129950     -5.78646984     -7.01612289
    7.80000000     -5.74342608    -40.13737152    -73.70907849   -255.69897000   -255.69897000     -9.92796450     -3.44704805     -5.76848146     -6.99477675
    7.90000000     -5.72053736    -41.72213122    -76.22583618   -255.69897000   -255.69897000     -8.51178666     -3.45061339     -5.74540212     -6.97511043
    8.00000000     -5.69159357    -43.34727763    -78.79085192   -255.69897000   -255.69897000     -7.37311269     -3.45986522     -5.71603103     -6.95348326
    8.10000000     -5.64102997    -45.01280735    -81.40412514   -255.69897000   -255.69897000     -6.67140284     -3.47737818     -5.66410970     -6.92707243
    8.20000000     -5.57395790    -46.71871757    -84.06565536   -255.69897000   -255.69897000     -6.24341896     -3.49927345     -5.59551856     -6.88881594
    8.30000000     -5.51889172    -48.46500599    -86.77544219   -255.69897000   -255.69897000     -6.07733461     -3.52808517     -5.54072379     -6.82845150
    8.40000000     -5.47130388    -50.25167072    -89.53348531   -255.69897000   -255.69897000     -5.93463263     -3.55565972     -5.49373343     -6.76943405
    8.50000000     -5.42758235    -52.07871021    -92.33978448   -255.69897000   -255.69897000     -5.81085348     -3.57782907     -5.45041983     -6.71808713
    8.60000000     -5.38597053    -53.94612322    -95.19433948   -255.69897000   -255.69897000     -5.66228592     -3.59389423     -5.40906142     -6.67180837
    8.70000000     -5.25834281    -55.85390869    -98.09715014   -255.69897000   -255.69897000     -5.50964600     -3.58949618     -5.27748257     -6.62372522
    8.80000000     -5.13862213    -57.80206579   -101.04821632   -255.69897000   -255.69897000     -5.37232844     -3.57822978     -5.15644207     -6.53437964
    8.90000000     -5.09570231    -59.79059384   -104.04753792   -255.69897000   -255.69897000     -5.26207885     -3.55549467     -5.11694291     -6.41689684
    9.00000000     -5.07852608    -61.81949226   -107.09511484   -255.69897000   -255.69897000     -5.22957409     -3.53308643     -5.10300149     -6.33976051
    9.10000000     -5.01066843    -63.88876061   -110.19094701   -255.69897000   -255.69897000     -5.18234718     -3.51286607     -5.03305074     -6.30969109
    9.20000000     -4.91692042    -65.99839851   -113.33503437   -255.69897000   -255.69897000     -5.01274732     -3.50156127     -4.93696730     -6.26264294
    9.30000000     -4.76871149    -68.14840566   -116.52737687   -255.69897000   -255.69897000     -4.85412344     -3.49836068     -4.78569437     -6.18494814
    9.40000000     -4.63201069    -70.33878181   -119.76797448   -255.69897000   -255.69897000     -4.71115039     -3.51131978     -4.64847213     -6.06153185
    9.50000000     -4.55899804    -72.56952676   -123.05682716   -255.69897000   -255.69897000     -4.59220713     -3.53233434     -4.57813123     -5.92452658
    9.60000000     -4.45439389    -74.84064034   -126.39393488   -255.69897000   -255.69897000     -4.49760174     -3.56534538     -4.47331902     -5.82456736
    9.70000000     -4.29851137    -77.15212244   -129.77929763   -255.69897000   -255.69897000     -4.34491800     -3.60484119     -4.31488121     -5.73041046
    9.80000000     -4.14192380    -79.50397293   -133.21291539   -255.69897000   -255.69897000     -4.15397429     -3.65250365     -4.15753205     -5.59413461
    9.90000000     -3.99146094    -81.89619174   -136.69478814   -255.69897000   -255.69897000     -4.02177193     -3.70234848     -4.00721762     -5.43963484
   10.00000000     -3.88833168    -84.32877878   -140.22491588   -255.69897000   -255.69897000     -3.91756085     -3.75406673     -3.90599482     -5.28784961
   10.10000000     -3.83133978    -86.80173401   -143.80329859   -255.69897000   -255.69897000     -3.84771542     -3.80373660     -3.85203208     -5.16362052
   10.20000000     -3.75514413    -89.31505738   -147.42993627   -255.69897000   -255.69897000     -3.79153799     -3.85018308     -3.77585913     -5.08695986
   10.30000000     -3.66791053    -91.86874885   -151.10482892   -255.69897000   -255.69897000     -3.69555411     -3.89300349     -3.68782513     -5.01644247
   10.40000000     -3.57281530    -94.46280839   -154.82797652   -255.69897000   -255.69897000     -3.59776918     -3.93159798     -3.59216996     -4.93345537
   10.50000000     -3.47385205    -97.09723597   -158.59937907   -255.69897000   -255.69897000     -3.49615142     -3.96923016     -3.49284487     -4.84250875
   10.60000000     -3.37987961    -99.77203158   -162.41903658   -255.69897000   -255.69897000     -3.39856756     -4.00616717     -3.39900629     -4.74555243
   10.70000000     -3.29068836   -102.48719519   -166.28694904   -255.69897000   -255.69897000     -3.31215066     -4.04745797     -3.31011745     -4.64969861
   10.80000000     -3.21828983   -105.24272680   -170.20311644   -255.69897000   -255.69897000     -3.23087708     -4.09205493     -3.23858054     -4.55888284
   10.90000000     -3.15344872   -108.03862640   -174.16753878   -255.69897000   -255.69897000     -3.15656486     -4.14395275     -3.17447489     -4.47894348
   11.00000000     -3.09885548   -110.87489397   -178.18021608   -255.69897000   -255.69897000     -3.10672950     -4.19922409     -3.12063444     -4.40944652
   11.10000000     -3.05146096   -113.75152952   -182.24114831   -255.69897000   -255.69897000     -3.07546809     -4.26996233     -3.07386385     -4.35009447
   11.20000000     -3.02385810   -116.66853303   -186.35033549   -255.69897000   -255.69897000     -3.05001043     -4.34548979     -3.04751388     -4.29947939
   11.30000000     -3.01308340   -119.62590449   -190.50777760   -255.69897000   -255.69897000     -3.03115721     -4.43143809     -3.03825949     -4.26240650
   11.40000000     -3.02724749   -122.62364392   -194.71347466   -255.69897000   -255.69897000     -3.06393009     -4.52441807     -3.05468597     -4.24031878
   11.50000000     -3.06621317   -125.66175129   -198.96742666   -255.69897000   -255.69897000     -3.11442292     -4.63043983     -3.09605914     -4.24394930
   11.60000000     -3.13786111   -128.74022662   -203.26963360   -255.69897000   -255.69897000     -3.18970547     -4.74336442     -3.17117951     -4.26951402
   11.70000000     -3.21988535   -131.85906990   -207.62009548   -255.69897000   -255.69897000     -3.27449350     -4.86662408     -3.25566937     -4.32174963
   11.80000000     -3.31081176   -135.01828112   -212.01881230   -255.69897000   -255.69897000     -3.36952695     -4.99896312     -3.34842250     -4.39195385
   11.90000000     -3.41318679   -138.21786029   -216.46578405   -255.69897000   -255.69897000     -3.47144134     -5.14021608     -3.45247307     -4.47622524
   12.00000000     -3.52396896   -141.45780741   -220.96101075   -255.69897000   -255.69897000     -3.58668056     -5.29049934     -3.56496855     -4.56931231
   12.10000000     -3.64682567   -144.73812247   -225.50449239   -255.69897000   -255.69897000     -3.71147859     -5.44754987     -3.68994228     -4.67134532
   12.20000000     -3.77710673   -148.05880548   -230.09622896   -255.69897000   -255.69897000     -3.84658408     -5.61780523     -3.82227857     -4.78241337
   12.30000000     -3.92579770   -151.41985642   -234.73622048   -255.69897000   -255.69897000     -3.99619076     -5.79359564     -3.97384014     -4.90575674
   12.40000000     -4.08371655   -154.82127531   -235.30640982   -255.69897000   -255.69897000     -4.15819997     -5.98045703     -4.13468411     -5.03944161
   12.50000000     -4.25815083   -158.26306215   -235.34360982   -255.69897000   -255.69897000     -4.33834591     -6.17385481     -4.31293312     -5.18439820
   12.60000000     -4.44023062   -161.74521692   -235.38080982   -255.69897000   -255.69897000     -4.52924581     -6.37772528     -4.49850488     -5.34134956
   12.70000000     -4.65550076   -165.26773964   -235.41800982   -255.69897000   -255.69897000     -4.75154000     -6.58746363     -4.72050275     -5.51245413
   12.80000000     -4.88217743   -168.83063030   -235.45520982   -255.69897000   -255.69897000     -4.98918257     -6.80980538     -4.95410408     -5.69853899
   12.90000000     -5.13372443   -172.43388890   -235.49240981   -255.69897000   -255.69897000     -5.25565222     -7.03960064     -5.21535959     -5.89980991
   13.00000000     -5.40222740   -176.07751544   -235.52960981   -255.69897000   -255.69897000     -5.53911901     -7.27831698     -5.49533039     -6.11676823
   13.10000000     -5.70962467   -179.76150993   -235.56680981   -255.69897000   -255.69897000     -5.87896784     -7.52720304     -5.82238664     -6.35040807
   13.20000000     -6.03856139   -183.48587235   -235.60400981   -255.69897000   -255.69897000     -6.25001198     -7.78532045     -6.17824760     -6.59916484
   13.30000000     -6.39926717   -187.25060272   -235.64120980   -255.69897000   -255.69897000     -6.67928600     -8.05427528     -6.58338509     -6.86076688
   13.40000000     -6.78804137   -191.05570103   -235.67840980   -255.69897000   -255.69897000     -7.20084628     -8.33000357     -7.04768762     -7.13481793
   13.50000000     -7.19495444   -194.90116728   -235.71560980   -255.69897000   -255.69897000     -7.87404196     -8.62064474     -7.59467441     -7.41562059
   13.60000000     -7.56940770   -198.78700147   -235.75280980   -255.69897000   -255.69897000     -8.76735380     -8.91888982     -8.15977673     -7.69831442
   13.70000000     -7.90835818   -202.71320360   -235.79000980   -255.69897000   -255.69897000     -9.90466300     -9.23036165     -8.74576659     -7.97659992
   13.80000000     -8.20811453   -206.67977367   -235.82720979   -255.69897000   -255.69897000    -11.48899347     -9.54887862     -9.22650884     -8.25187548
   13.90000000     -8.49797002   -210.68671169   -235.86440979   -255.69897000   -255.69897000    -13.38053425     -9.89323799     -9.63825375     -8.53060754
   14.00000000     -8.79499969   -214.73401764   -235.90160979   -255.69897000   -255.69897000    -15.72751031    -10.24807140    -10.04546326     -8.82010781
   14.10000000     -9.10636615   -218.82169154   -235.93880979   -255.69897000   -255.69897000    -18.38466863    -10.62367241    -10.44985907     -9.12651864
   14.20000000     -9.43883130   -221.87715935   -235.97600979   -255.69897000   -255.69897000    -21.61933261    -11.01690320    -10.87787952     -9.45492886
   14.30000000     -9.80209162   -221.77815935   -236.01320978   -255.69897000   -255.69897000    -25.11968062    -11.43830332    -11.31694169     -9.81557058
   14.40000000    -10.19752245   -221.67915935   -236.05040978   -255.69897000   -255.69897000    -29.20899317    -11.88060869    -11.78253482    -10.20896387
   14.50000000    -10.63111733   -221.58015935   -236.08760978   -255.69897000   -255.69897000    -33.62225810    -12.34838800    -12.26452083    -10.64133804
   14.60000000    -11.10466034   -221.48115935   -236.12480978   -255.69897000   -255.69897000    -38.51201544    -12.84854189    -12.77966211    -11.11393746
   14.70000000    -11.62888819   -221.38215935   -236.16200978   -255.69897000   -255.69897000    -43.76245240    -13.37341634    -13.31127744    -11.63800718
   14.80000000    -12.17213613   -221.28315935   -236.19920977   -255.69897000   -255.69897000    -49.53464940    -13.93058361    -13.88298668    -12.18067095
   14.90000000    -12.70510602   -221.18415935   -236.23640977   -255.69897000   -255.69897000    -55.72400583    -14.51043675    -14.47748482    -12.71250376
   15.00000000    -13.19499379   -221.08515935   -236.27360977   -255.69897000   -255.69897000    -62.27989013    -15.13401847    -15.10878603    -13.20032289
